3.931812689889976203e-02
4.000985231396334690e-02
3.760078060312973397e-02
6.598936574341698891e-02
3.356312525610447711e-02
4.045753132476406777e-02
1.469103529579230370e-02
3.892316055317518453e-02
4.384867592159705924e-02
2.625343069653535491e-02
3.961806436509503898e-02
3.624687984350860592e-02
4.145004845274972288e-02
3.918666116414767225e-02
3.690826036568840146e-02
3.488917640040944956e-02
4.237371822143495836e-02
3.716795891123247236e-02
1.396686230028327223e-02
4.638377572197870113e-02
3.955129713102763928e-02
3.505685976357154204e-02
3.386719542478700690e-02
3.972719742746699811e-02
3.722985060265559393e-02
3.742533459343309193e-02
3.465412776983844978e-02
2.979566781549783730e-02
3.764317576947553978e-02
3.890217238223125235e-02
3.270374042664740688e-02
2.627954150607271500e-02
3.827256542726181071e-02
4.177341801055871329e-02
3.657973497214830200e-02
3.835188664271383524e-02
3.713689221214050429e-02
3.402848550395128069e-02
4.036005650570553133e-02
4.673956075690494788e-02
3.898605431471949267e-02
4.140501341097720805e-02
3.995428441728943181e-02
4.027904091325508473e-02
5.580919815806392736e-02
3.119830141125768883e-02
3.476433007440195982e-02
4.267015581900518439e-02
3.951720220795833932e-02
3.825987051979734543e-02
2.839720197531841323e-02
3.974597103780826840e-02
4.053394297516620115e-02
5.031277550461264042e-02
3.065326575282811480e-02
3.614016646495766399e-02
3.857090266741799306e-02
4.048181561402830475e-02
4.430726576774621922e-02
3.951232002949679051e-02
4.028391587766300130e-02
3.962348541939678809e-02
3.965246060095348885e-02
4.159003094774594428e-02
4.001431333143379288e-02
4.166383018178703573e-02
2.791487708861437392e-02
3.983162652342971816e-02
3.538535309195207923e-02
3.990317286491237847e-02
3.976528334488767941e-02
4.104254383863473882e-02
1.985595594742871339e-02
3.962115688073223480e-02
3.725462841883946802e-02
3.876569666753847815e-02
5.115439290731067096e-02
5.108872372022369573e-02
3.569906038319183711e-02
3.648934064955157430e-02
4.152723464442219237e-02
3.786734348401311900e-02
3.638348096896473760e-02
6.469075129648944877e-02
4.143092967419936823e-02
3.801682454408725903e-02
4.181651480958097772e-02
4.158380093175351871e-02
3.958203260347296221e-02
4.000626397898222886e-02
4.016759759820961312e-02
3.768795385812985510e-02
2.759348743341758642e-02
4.022214926713111455e-02
4.105519058478276223e-02
4.154438976211831391e-02
3.247789917130892989e-02
2.838850811208541713e-02
3.484204663443625505e-02
3.809858035298668150e-02
3.339286662788598647e-02
4.576537872047112265e-02
4.521519023035165674e-02
4.991315708943627749e-02
5.096843062462975971e-02
4.035348275638746957e-02
3.612167533292819088e-02
4.049630649360315415e-02
4.036845046019139210e-02
4.157346619351429823e-02
4.024646636608533723e-02
4.224157706086804215e-02
3.481975530398038338e-02
3.455700337000765232e-02
4.260786869082202472e-02
3.294136012348052034e-02
4.443622479433993744e-02
4.023399233598549951e-02
3.704404719182041728e-02
3.838525031399047521e-02
3.675621940691918554e-02
4.839237463589510929e-02
3.915234597251859849e-02
3.946243404808722627e-02
4.638362044831496889e-02
4.042161004219278070e-02
4.493435093008919801e-02
3.184058485157917340e-02
4.235030840616507003e-02
3.948693135259612880e-02
3.965776199464662172e-02
3.294384286024441139e-02
4.604285915365954190e-02
4.345064674647797914e-02
3.336862813306216285e-02
6.137583257600117553e-02
4.156939430368113836e-02
3.606470432851356656e-02
4.035147147638978860e-02
2.995734583910563201e-02
4.157877403742884365e-02
3.520270589367745923e-02
3.555908136344159559e-02
4.358782133697196998e-02
3.623893112506699349e-02
4.644534613352223340e-02
4.232740175659296250e-02
3.931368142706802293e-02
3.856996491160834956e-02
3.723701986206099518e-02
4.029423133181082861e-02
3.980804791792984243e-02
3.173155352829487574e-02
3.928575422382648424e-02
4.044372160690381385e-02
3.811488034984739093e-02
3.543628787638510719e-02
4.120903691451312939e-02
4.128398196413302079e-02
2.579567363873105229e-02
2.816496947928559189e-02
3.769821830886638941e-02
3.985373532918541628e-02
5.346746856430213690e-02
2.064036604381941364e-02
2.670226589663448474e-02
4.312029555487102706e-02
4.032642687191505954e-02
6.148689583852100238e-02
3.931581731630022503e-02
3.786329368317501581e-02
3.830428325461368577e-02
4.751988173421742984e-02
3.279446235105997615e-02
2.371818437579692115e-02
4.024341481551003269e-02
3.943260015834321175e-02
3.197808504522401535e-02
2.622971488069522281e-02
2.804909550958943273e-02
3.857397665216539401e-02
3.971382859846616514e-02
4.606800546290831799e-02
4.568704364903117265e-02
4.409392397558743737e-02
2.463706612873279786e-02
3.820734792089409276e-02
4.339880477801419389e-02
3.676058250670392186e-02
4.794544673256376233e-02
4.250125959711580775e-02
4.888838345132610202e-02
3.456542132684137930e-02
3.969305574590270558e-02
2.343475007916047750e-02
4.265573151175964389e-02
4.048668869536918569e-02
3.395396957106178171e-02
4.043105457516971840e-02
2.774211771428251525e-02
3.732623593249077137e-02
3.552923436705927168e-02
4.273126786234408836e-02
4.021904414862334520e-02
4.112981369712499780e-02
5.528872321666811196e-02
4.772477889356546016e-02
4.015028819766866541e-02
3.909082433020683034e-02
4.088960611414622220e-02
3.311493509725318279e-02
3.495881829459866752e-02
4.746195548504600348e-02
3.125951559045706679e-02
4.229591829465974284e-02
4.118697836500297832e-02
4.057323086897358932e-02
3.936215115125738656e-02
4.187068226448242836e-02
3.978624876047644199e-02
3.893470582350229414e-02
4.957527407114935974e-02
4.080316000819377703e-02
3.999419293205438292e-02
2.945968001658359064e-02
3.537084003371317176e-02
3.807910995362277784e-02
4.564445804710414584e-02
2.566091831667388981e-02
3.003574450980176641e-02
3.975103107399447638e-02
3.443178714136588964e-02
4.608112667071949387e-02
4.197105793820418013e-02
3.816014666616043133e-02
4.012220114176292401e-02
4.511967826563587081e-02
3.989229163850289278e-02
4.774572910495721023e-02
1.512509075213486903e-02
4.006829716834039296e-02
4.354592430986637536e-02
3.534538908738808771e-02
4.129589218310702331e-02
3.940201076659078511e-02
3.973905197183934951e-02
3.473968195143820742e-02
3.505166631251638298e-02
3.939019433702677098e-02
4.092843914870676614e-02
3.989627625973612285e-02
4.075822876797178390e-02
4.064271326656244965e-02
3.754561965721126687e-02
3.872854540558654662e-02
3.864521063994318800e-02
3.356057076459621757e-02
3.698122465932766889e-02
4.186306613585520642e-02
3.378465051860264634e-02
3.573039526938746185e-02
4.154878260719954003e-02
3.514508916832515678e-02
3.846155741457538135e-02
3.978798568168172289e-02
4.002061844441183458e-02
3.374238372213918258e-02
2.506636414048842021e-02
4.267112201726232928e-02
3.114709931517512659e-02
3.812631561084305065e-02
3.955483314793091509e-02
3.333211546677305320e-02
3.779610883893364665e-02
3.715384305300954010e-02
3.845135243574340778e-02
2.360676458588889526e-02
4.065157404509814332e-02
3.702897754581944284e-02
4.060969958383114919e-02
3.977211508582536442e-02
5.542045164610720498e-02
4.516116465557803994e-02
3.982784748629737692e-02
4.136489551844881735e-02
3.773499385723929483e-02
3.941711662704968505e-02
3.621123002858588069e-02
4.137348829160607255e-02
4.077095392353814740e-02
3.975522488827124695e-02
4.084220609041180894e-02
4.378146704853350113e-02
4.424661680382283024e-02
2.794515252970869099e-02
3.978620638120547448e-02
4.063586707703177592e-02
4.203865978951926846e-02
3.368313038604923287e-02
3.859436820270832624e-02
4.773259383869345174e-02
3.830767631819111119e-02
4.001755837309366182e-02
3.987374649478644256e-02
4.370755484718511635e-02
4.034045455357095078e-02
2.838014655178763487e-02
4.205206972131998039e-02
4.481369240829204820e-02
4.540969353538443221e-02
3.437050826823091765e-02
3.840461832027244199e-02
4.026358608268938016e-02
2.611693127622500415e-02
4.343229827671763604e-02
4.578359168921981859e-02
3.013560786454842072e-02
2.018300629469014715e-02
3.941647605645014207e-02
3.913476474265853433e-02
4.274421006855443073e-02
3.082532275138459912e-02
3.554058087169760516e-02
4.888073784300749069e-02
4.494357612842603961e-02
3.905228491113844208e-02
3.578037045895358925e-02
3.306231356800681115e-02
3.990651836351518517e-02
2.214836359561660542e-02
4.080416552569048061e-02
4.257063857300366627e-02
3.581491229462981096e-02
4.104663236593220077e-02
4.003775099435840507e-02
4.368839755453755858e-02
4.212135347907325356e-02
4.052657281129688760e-02
3.954945924183561612e-02
4.279614958985267920e-02
3.641658698035727532e-02
4.437120849955180496e-02
4.170287084775289865e-02
4.067707939012988466e-02
4.364825307103021440e-02
4.100548895159590590e-02
3.293733587743369329e-02
3.990508879746819393e-02
3.678079572636887284e-02
5.401269877496322341e-02
3.826731242478551703e-02
4.231600811850193961e-02
4.614307936070125710e-02
3.448731004157987862e-02
4.243921092490628849e-02
3.604953142110824127e-02
3.597849713463639049e-02
3.990874915608549900e-02
3.105774096009115970e-02
3.379317013573916034e-02
5.194072266754581196e-02
3.236659611278319693e-02
3.530951626384590952e-02
3.984044077854226318e-02
4.453054491017139488e-02
4.132351578773366813e-02
4.442433903995411659e-02
3.230884189883641983e-02
3.870597382854105289e-02
4.355386601134601798e-02
1.979064069754185584e-02
4.349297695997515062e-02
3.823850303087550362e-02
4.108054656139882577e-02
4.144718941717774607e-02
4.166989918634892570e-02
4.130872715564132963e-02
4.165879614204940490e-02
3.691265786517410052e-02
4.523573938412692175e-02
5.256472539732230664e-02
4.107998437925731994e-02
3.889167481280270122e-02
4.082517712786438990e-02
4.013343245676490728e-02
3.675972422823539643e-02
3.286107058534249586e-02
4.061260506185292857e-02
3.833416580723497669e-02
3.964609858329899011e-02
4.699747186870380233e-02
3.921294761860708022e-02
3.919566424363896129e-02
4.509824350391446884e-02
3.917087303930341657e-02
2.759759470687314642e-02
3.993106947835661780e-02
4.959321350822616659e-02
3.225229033640979875e-02
3.733902959402132099e-02
3.614971493185601542e-02
4.336535810922223511e-02
4.050034665898319397e-02
4.007299563565931699e-02
3.032170693478692877e-02
3.779966987175189391e-02
3.507421409403371076e-02
5.253877427191925437e-02
5.043255349336023263e-02
4.053794274882500243e-02
4.005971674044077335e-02
3.580155474391831516e-02
4.139774317698298456e-02
4.453327582855992617e-02
5.218136059040250074e-02
3.882471817132645414e-02
3.553685066991099650e-02
2.714498266938142335e-02
4.599952663029480138e-02
3.858505446565070607e-02
5.825271449544085212e-02
3.278352257396004166e-02
4.553750088174411681e-02
3.946241959827465756e-02
3.039333757521719623e-02
2.421525457964480987e-02
3.900894874129690743e-02
3.145435789868823717e-02
3.861180050512644235e-02
4.268626186883783813e-02
3.895403900107775180e-02
4.313558464246471796e-02
3.731445763640068441e-02
4.452218216683451885e-02
3.819185228288460299e-02
4.145563859321552830e-02
3.891301231182876796e-02
2.831110513921172508e-02
5.031588843507378561e-02
4.041016519734500628e-02
1.247621649668806051e-02
3.450717541608807476e-02
4.232933712906818136e-02
2.862670439508781250e-02
2.375036939776526204e-02
3.710719315314460476e-02
3.979757398869374768e-02
4.405845749178983334e-02
4.069028388000847651e-02
3.174480072786086543e-02
5.127601643385019253e-02
3.791599741549864927e-02
3.597083904830596091e-02
4.363561098913357195e-02
3.979578638021918913e-02
4.266250257133511609e-02
4.553843637719381249e-02
2.518415593523207555e-02
4.374259325138128013e-02
3.944012811876532187e-02
2.680239108098803752e-02
4.641824783288252959e-02
4.023895515387761884e-02
3.624336704406238424e-02
4.058936111710063910e-02
3.596311801539020525e-02
3.900022186390105644e-02
3.669731991395670107e-02
3.817348517206783920e-02
3.402423173691269259e-02
4.085062334991910321e-02
4.423140717151713419e-02
3.260795878109432056e-02
5.764026488581993485e-02
4.050066891484029041e-02
3.995240402070107666e-02
3.047018987600729270e-02
3.894071204300719735e-02
3.972132982533169848e-02
3.411545754587123197e-02
4.320426299729228370e-02
3.995264802460183479e-02
4.043025176235006540e-02
3.963662462863731806e-02
4.321537823106675474e-02
3.052029852281683622e-02
4.047203783694367646e-02
4.024942955088228747e-02
4.962453937398473430e-02
4.069425900677760971e-02
3.818636335376492108e-02
3.486684523440780614e-02
3.920816713868784109e-02
4.119346752217508539e-02
4.073988786703695159e-02
3.944781381005155185e-02
4.037942778741872990e-02
3.911817989860322947e-02
3.130655757995949584e-02
3.822739301540783313e-02
3.836642401588341578e-02
3.209399061682966653e-02
4.231292263493066641e-02
4.089539762447085697e-02
3.966650094529664689e-02
4.012639666856609999e-02
3.985110820564363721e-02
3.061481587260467263e-02
3.777681809560558962e-02
3.151439554291740608e-02
5.244430771332058566e-02
3.989269001769167600e-02
4.070649737218970388e-02
3.150365558503022412e-02
3.890576508748503498e-02
1.843760880797336993e-02
4.002354645645008618e-02
4.152846473557792600e-02
3.809258391682122241e-02
3.981373927153691872e-02
3.454552497477249295e-02
3.968116495824419721e-02
4.104515919077129232e-02
3.900250095460561922e-02
4.036922663217534790e-02
3.647714278730629367e-02
2.612368050054370353e-02
4.096557437432938459e-02
2.848714470691504630e-02
3.951941590912721319e-02
3.600945994273147682e-02
3.771441550393468678e-02
3.464804256699482998e-02
3.971071865562148667e-02
3.930840095412394680e-02
3.930947252695615735e-02
2.820264809286871996e-02
4.433924419696792102e-02
3.647059607753177363e-02
4.141126660593373587e-02
4.014611778736026232e-02
3.848787348464489944e-02
3.943565507768605205e-02
4.067553634180087752e-02
4.206712457268725613e-02
3.743719261164400042e-02
3.731163236728000238e-02
4.724805576093711601e-02
3.415115092627777488e-02
3.632798898228187245e-02
4.135860468182478433e-02
4.104365814518588090e-02
3.445266096055540905e-02
4.346155598752393656e-02
4.710717201803357040e-02
3.497574660339792391e-02
3.925463487700687343e-02
3.457343166011568603e-02
4.076012728072304220e-02
3.961416002067634501e-02
3.507586828986357375e-02
4.069507023103542676e-02
4.173919929198859069e-02
3.957376786012392622e-02
4.000430777303177338e-02
3.985636082785872641e-02
4.073789826493765670e-02
3.977483304943520842e-02
4.127214788266862777e-02
4.474643436158731030e-02
3.997140173394818363e-02
2.968106057277924981e-02
4.070507220588106406e-02
4.133384821177218255e-02
2.862493199652401191e-02
5.083675240829978875e-02
3.161855877983315438e-02
4.043571934452035166e-02
3.876151779085083848e-02
4.548660983362599886e-02
3.949923418573275669e-02
4.533727069175689378e-02
4.018687180645143242e-02
3.920887419333266705e-02
3.364049728080046459e-02
3.207635095929208674e-02
3.959998792756403568e-02
4.043758048722039672e-02
4.627101975688386465e-02
4.021540393726561607e-02
4.049168495381768457e-02
3.984556507698953920e-02
4.115028467211340885e-02
4.228456844703769313e-02
3.716254217803091620e-02
4.108100790033489963e-02
4.731557119159846003e-02
3.587680864177842516e-02
3.790471931648580622e-02
3.989649778172901090e-02
4.170324714471352473e-02
3.346524912541446600e-02
5.276440346643859053e-02
2.336340825642952562e-02
3.888774925670936827e-02
4.170118928094178334e-02
4.059607233271626814e-02
3.513414911474055380e-02
3.306112252937155188e-02
4.658316800596212781e-02
3.897877637294294706e-02
3.106251758330573140e-02
3.875250400768145281e-02
3.829619010230771864e-02
2.980959040739556906e-02
4.053013751872627801e-02
4.000454931686686644e-02
4.465822131650008103e-02
4.757642765879275398e-02
3.467831485116960877e-02
4.029859345377680840e-02
4.904973801232066083e-02
3.771053017947263025e-02
4.101844742317029696e-02
4.065869726505826759e-02
3.777568157525286463e-02
3.537086291041153380e-02
4.341929410681438783e-02
4.799701701281332972e-02
3.688910449424317312e-02
3.555988942220182636e-02
3.931485833773402938e-02
4.138809628816648295e-02
4.629755900471146240e-02
4.628277528496140686e-02
3.311931217427547397e-02
3.661968359765425257e-02
4.306296039609550097e-02
4.075680331340239548e-02
4.470255626422984380e-02
4.026047362389575252e-02
3.896361340828758540e-02
3.729838433599174524e-02
3.597451613255017028e-02
4.016975390473712104e-02
3.919735084736031272e-02
3.842036510577322150e-02
3.925665125134113198e-02
3.969413274488733240e-02
3.894072667460560244e-02
3.745034374514744774e-02
3.901108912472443097e-02
5.196304212189924859e-02
3.588918536616990396e-02
4.183495072864177461e-02
4.303473731140045749e-02
2.891869049329256688e-02
3.814635236957859832e-02
3.996714273887303631e-02
4.054011685198920245e-02
4.334759213712070791e-02
4.095969150126255870e-02
3.950900119335253036e-02
3.926013659230632308e-02
4.626818874575877594e-02
4.232021945975759231e-02
2.820642314786883306e-02
4.271142673684717034e-02
4.380306491847383438e-02
3.297212996251015771e-02
3.885052952745306903e-02
4.174997622702360245e-02
4.991970901717098646e-02
2.940780991652308315e-02
4.080277356410123846e-02
3.216818189539617789e-02
3.750653377068887545e-02
3.682629164979409064e-02
3.945619014868629454e-02
4.056099393543749487e-02
4.193863139430256681e-02
3.712626448677917163e-02
3.813904248884507353e-02
2.946548844933413042e-02
4.274600461205287777e-02
3.909929152202783198e-02
3.823562082033302167e-02
4.181705616764942041e-02
2.406647626169259799e-02
4.152634844231180983e-02
4.227254309303984242e-02
4.037533952166923179e-02
4.126206683148812837e-02
4.517055239483825507e-02
4.429028957651109932e-02
4.606246440745918880e-02
4.017163499427870571e-02
3.996872613386510953e-02
4.060928756281428215e-02
4.090564652081422198e-02
4.365089816095667902e-02
4.054103158388844969e-02
4.041708652750521796e-02
2.900674389942111894e-02
3.901808238672684753e-02
2.975711228351392637e-02
4.150458515587621133e-02
4.332304941509870083e-02
4.356701695533844038e-02
3.282956869651563331e-02
4.483936107416579969e-02
3.980422480219156928e-02
5.235854975389367394e-02
3.585514474967744364e-02
4.245950310874915812e-02
4.243739795002343662e-02
4.136399533427335962e-02
4.025008279507965442e-02
4.024930556152842703e-02
3.994629454825105591e-02
4.010225312825078936e-02
3.634179457852105416e-02
3.843406231762806075e-02
4.390360489720485093e-02
4.020660977310639567e-02
4.445373553222105312e-02
3.963828865408672297e-02
3.933796899943280134e-02
3.105265974688277419e-02
4.471121700212754568e-02
4.145249590202294138e-02
4.615230994627918942e-02
4.013016253823122048e-02
3.807333841894606358e-02
3.756884570588733818e-02
4.653276330152053553e-02
3.869777790246557020e-02
4.684127068528348703e-02
3.730844587631449577e-02
4.080426047271336343e-02
4.531189266083611444e-02
4.304553700899411278e-02
3.092123296127249552e-02
4.196716465111409444e-02
3.314218373425365655e-02
4.011215477710539795e-02
4.033052544834889869e-02
3.739135001162989524e-02
4.066434281981354953e-02
3.988175013355588910e-02
4.153221536625183175e-02
4.023419060265163993e-02
3.926825320036527595e-02
3.918227162866030205e-02
6.724650115958684393e-02
4.103909425614544332e-02
3.568704078837899030e-02
4.294215904179680271e-02
3.306847703266761751e-02
3.601473489691747742e-02
3.965807075292918787e-02
3.551562483844181162e-02
3.244854526448446436e-02
3.531991781572428601e-02
4.375118476144079088e-02
3.787558785472301681e-02
3.899341244294594194e-02
4.859211330067031431e-02
3.485663014257800452e-02
3.716382738225651461e-02
3.441196663057636412e-02
4.686800588177768290e-02
2.453572567136136362e-02
3.962533338560204899e-02
3.666426470067804533e-02
3.905044689610043945e-02
4.038837762371546430e-02
4.016675918065609752e-02
4.059519807354208809e-02
4.259601382500586425e-02
3.566682313182691078e-02
3.925594558371055254e-02
5.080154669673478396e-02
3.971876360860385896e-02
4.127103930858989911e-02
5.284232047169983015e-02
3.465220270069171993e-02
2.579912336312407267e-02
4.019869865317231977e-02
4.025015557208085071e-02
4.116287677576645904e-02
3.648555107224708827e-02
4.182429937989493723e-02
3.836124778078486147e-02
4.995322085633543269e-02
3.772138463376568246e-02
5.733253762893766176e-02
4.068323293983278077e-02
4.141391631514922123e-02
4.464849140638081637e-02
4.516914059748316362e-02
3.903631825832681868e-02
3.993878392923105175e-02
4.067022247400740864e-02
3.475450657547140415e-02
4.362731208650336145e-02
4.232209287128532033e-02
3.452494959057014062e-02
3.890232218265041175e-02
4.477255881103148205e-02
4.701259552805316794e-02
3.996007942179186784e-02
5.041727287218485121e-02
4.372515544479327332e-02
3.839736724386299399e-02
4.107132485332961463e-02
4.025178260464837982e-02
4.041433237635813636e-02
3.101528912281525246e-02
4.662997263775509743e-02
4.010022856312579764e-02
4.504433380299608519e-02
3.451471389131643280e-02
4.538792448992449990e-02
4.291062665435436962e-02
4.230096522646672325e-02
3.435213595500700295e-02
2.699561662005857052e-02
3.761648352165692516e-02
3.838114787228709412e-02
4.321271720913299336e-02
4.432335578167963253e-02
3.242838782187733304e-02
3.861209695056857377e-02
3.574542483441948276e-02
4.010210550581809474e-02
4.740784763947295671e-02
4.115472382925490502e-02
3.953251236164354726e-02
4.236235150205662492e-02
2.816057954894245902e-02
4.562623198435482308e-02
4.212202334502793827e-02
2.891745830430484526e-02
5.187932099785729639e-02
4.149068431110225497e-02
3.597596867382105851e-02
3.973257722853627133e-02
4.313840579726722912e-02
3.993658018007140847e-02
3.763239617410004539e-02
4.086384671843458494e-02
3.441344874971515727e-02
3.129409321257058813e-02
3.895971198627278670e-02
3.537216987725888551e-02
4.066592549304633153e-02
3.774923670763231237e-02
2.484582487711054291e-02
4.040204405172569818e-02
3.493721802201855964e-02
4.124476610888780370e-02
5.079746610783043848e-02
3.461428824138443328e-02
3.244144128757396606e-02
3.884593890875648325e-02
2.961994919730712855e-02
4.141143168095085675e-02
3.733333884328025876e-02
3.820765822745344348e-02
3.554036174904286888e-02
2.673220388544309684e-02
3.221371445054881100e-02
3.798341629144589421e-02
3.998521791117684576e-02
3.913909784528923214e-02
4.050200966985251227e-02
3.306392249935067446e-02
3.828281689593503873e-02
4.241482615540050072e-02
3.944960099986068169e-02
4.094273913850934171e-02
3.911799822817108724e-02
4.360037062019412463e-02
4.616638715639299201e-02
4.768586466251098499e-02
2.896099349581203464e-02
4.183720404372560236e-02
4.397572857054678902e-02
4.320035510014974545e-02
3.890353470754431137e-02
3.838999322355280547e-02
3.709815010810307151e-02
4.791277467367695969e-02
3.551267476529888084e-02
5.007704040531057305e-02
4.336252547638132226e-02
3.614291850473154433e-02
4.235154205936265959e-02
4.192253596499768975e-02
4.765058093714968912e-02
2.011621077357612572e-02
3.789410350420514828e-02
3.992803609603745585e-02
3.982485454326341323e-02
3.596421285206524016e-02
3.229354098140927581e-02
3.361203212775275978e-02
5.294788368507999388e-02
3.579762595957816651e-02
4.042643881463638122e-02
4.619830040186165276e-02
4.038495047490731071e-02
3.467522374489746123e-02
4.314373591987059192e-02
4.402889501782556586e-02
3.844741634864667912e-02
4.184423125180285891e-02
2.094723325988847792e-02
4.263372998666303815e-02
4.214811588977143003e-02
3.846508367023069447e-02
3.150425445780478950e-02
3.552224744611542223e-02
3.998117865068537974e-02
3.848997701931700793e-02
4.232005093253850964e-02
3.939817757963692130e-02
3.676885258765452691e-02
1.929032109504530065e-02
4.907531922962531101e-02
3.860981323494022677e-02
3.927604018793266066e-02
4.183454104214676117e-02
3.726004164194730156e-02
3.940836386735511315e-02
4.631397733146123963e-02
3.990601593380511958e-02
4.462867655302899667e-02
4.506205324349745606e-02
4.001284047506908220e-02
4.607543397785669737e-02
2.447359628505543089e-02
3.953686362152902811e-02
4.408249237762050521e-02
3.810259367404486563e-02
3.872272351707844312e-02
2.168398956610942396e-02
4.006337083274941202e-02
4.131451964210333672e-02
4.159931337470905433e-02
3.774385154679720661e-02
3.983866280795553966e-02
3.332331452423885343e-02
4.352449976202305698e-02
4.018431794707164051e-02
3.989693130862663473e-02
4.108547764298425137e-02
3.247300742864620005e-02
3.703204306201299950e-02
3.629688001255735458e-02
3.977053769172569225e-02
4.128857237251909451e-02
3.615635749448758984e-02
3.967211825806450654e-02
3.803731182193603733e-02
4.092380977906587280e-02
3.630460798294635194e-02
3.785870730317490718e-02
3.816688218856965215e-02
3.680547254281969077e-02
3.575943374202186081e-02
4.618129055205788536e-02
3.909965522202233507e-02
3.384710363710465714e-02
4.330919998488315381e-02
3.477232740541097433e-02
4.607805009308549998e-02
3.908112299870108997e-02
3.717362282930387202e-02
4.535181194132411470e-02
3.197002508301530210e-02
4.032163655801376118e-02
4.337600947776735355e-02
4.222010285399484947e-02
4.069427537033442482e-02
4.048385525000378071e-02
3.946146742518725353e-02
3.935130245302037588e-02
3.615884515156551904e-02
3.957313598814041211e-02
3.990511553372911441e-02
4.040251977665187955e-02
4.327056910123090044e-02
4.026582234739162908e-02
3.834469537900463132e-02
4.257050390325285705e-02
4.146025475947051619e-02
3.676325972120172286e-02
4.015073530686927988e-02
