7.159786460108523432e-02
7.432772089114743352e-02
7.398522215809731628e-02
7.953208069562837934e-02
7.953841512553762316e-02
8.173839533348009612e-02
7.484508866322162057e-02
8.074916738170721808e-02
6.262140780764825776e-02
8.002348708103938779e-02
8.459733328797415519e-02
8.024847549080980913e-02
7.192471186084108126e-02
7.782528741156118091e-02
8.380133762000746556e-02
8.237219744629915852e-02
7.737581621842962165e-02
8.789271226162921613e-02
8.062729143317848290e-02
7.982667596979990676e-02
8.634722712475785544e-02
8.744671824385270853e-02
7.907468829991083636e-02
8.131167988053503159e-02
8.497348180238169235e-02
7.316875376670690934e-02
7.530062313441410193e-02
3.956166443451675924e-02
8.313903031870320537e-02
7.878665026132671001e-02
8.232974735902796881e-02
8.133572495366918342e-02
7.756963653409763848e-02
7.748050067861109169e-02
6.206300836398252752e-02
8.234790563342295200e-02
8.085914959334525309e-02
6.426787710517224694e-02
8.239789994866726641e-02
8.114173602459472112e-02
8.533939497854123313e-02
8.211349443959448102e-02
8.500647494047583463e-02
7.922805838327896810e-02
7.913706361236909348e-02
7.687335792469925100e-02
5.743727563416355097e-02
7.486583560266184267e-02
8.194625378958918238e-02
7.996445766839614666e-02
8.154859127604659197e-02
7.776716960579062310e-02
8.221884412164756628e-02
7.332910244722723458e-02
7.703445083153993844e-02
8.188126487146371590e-02
8.593435776115269931e-02
7.708222146053587964e-02
8.157834838534325228e-02
8.486006800790778237e-02
8.712748841012368795e-02
8.897500516719859809e-02
8.520204062231960529e-02
8.218782047087699882e-02
8.042423623157271551e-02
8.514125983537929043e-02
6.875358989796941100e-02
7.787475503680874045e-02
7.892320826698738523e-02
8.619540311172498026e-02
7.732521472104486593e-02
8.099088086493232141e-02
8.128238681786170705e-02
7.990431631180441863e-02
8.378651155364746916e-02
8.157538987145049325e-02
8.037591499493094982e-02
7.487069298043358412e-02
8.219221842798188349e-02
8.147910151064648165e-02
8.735166849136237477e-02
7.224104842984012398e-02
4.896619576257179446e-02
9.292658188287766796e-02
8.620658237730406681e-02
8.145068540339198138e-02
4.571346016088209674e-02
7.526964420628333430e-02
8.135803551457188032e-02
8.175170793566262362e-02
7.983552659242693084e-02
8.213466879638714468e-02
8.226224320333072604e-02
8.268515991992247960e-02
8.052215579165063197e-02
8.640020667362999229e-02
7.190260889548229228e-02
7.805265864733297587e-02
7.985255048008400858e-02
7.965349934385351771e-02
7.733287297462274057e-02
7.703310730014220620e-02
8.852545424461467916e-02
6.045494422437262122e-02
8.187893119379199836e-02
8.241407287099741796e-02
8.054228980238731239e-02
8.182325496949678645e-02
7.550398711283434761e-02
7.388830607253081550e-02
8.206446597254188347e-02
8.053238253230357580e-02
8.345561684766125699e-02
7.950454879480113590e-02
8.045664573364971761e-02
7.628404508321065536e-02
4.138627087380545438e-02
7.806804807438272320e-02
7.735669103254309842e-02
8.193180626279784884e-02
7.973805611620228551e-02
4.866609936109007883e-02
8.449649925000268791e-02
8.177423292582355896e-02
7.882524289411314833e-02
8.130799786300725585e-02
8.011427411523855402e-02
7.137857550714468702e-02
7.190320996608284831e-02
5.131982356681091123e-02
7.822162239993578348e-02
7.689367016584652825e-02
8.224388570629913298e-02
6.704153407898727490e-02
8.167065549208155084e-02
8.171797238861289170e-02
7.977650155877787086e-02
7.879221537190593538e-02
7.645673223351671932e-02
7.984717994926603113e-02
8.160899755150080592e-02
8.320470182697028982e-02
7.619991021786155783e-02
7.151789837344996181e-02
8.155467524267913382e-02
8.214707067644981542e-02
7.931239174218461530e-02
8.842734226119144947e-02
8.134544990210405835e-02
8.148492807230778290e-02
7.252761631404761045e-02
8.172014103885316683e-02
8.222031520625906753e-02
4.574019739519584460e-02
7.525493298515957552e-02
8.146358157602028027e-02
7.671605621901700367e-02
8.553926859939094129e-02
8.075085964593819998e-02
8.086853464952495352e-02
8.028633267719458011e-02
8.469008250804628546e-02
8.066584054756775757e-02
7.744803969112444564e-02
8.206141290359225682e-02
7.713458156532652932e-02
8.071371069182280145e-02
8.482834293442052809e-02
8.211089421171711977e-02
6.853810793820674929e-02
8.468379409880955055e-02
8.078723860418281222e-02
8.360766434903660338e-02
7.293895022349418389e-02
8.131255410078401524e-02
7.907010819142690217e-02
6.287672593396087528e-02
7.232812431442492418e-02
7.670277647833551038e-02
8.012878896021492781e-02
8.047531108911223918e-02
8.069728987941332532e-02
8.101138722552291005e-02
8.787966400107541376e-02
8.004619831852607947e-02
7.928799216539995920e-02
8.673059701031633761e-02
8.172183192468127078e-02
8.366552923980259682e-02
6.803078326212223803e-02
6.707831887247728275e-02
8.641368965042213468e-02
8.356985711914900750e-02
8.070990678822172193e-02
7.638763772220953652e-02
8.870255898027734620e-02
8.048205968983482284e-02
8.308419539352335237e-02
8.210420038817427268e-02
8.029341733166452111e-02
6.422047540759485973e-02
8.136249452817932715e-02
7.924957592451793709e-02
8.200321161915843926e-02
8.881373357966541870e-02
8.844505402063296273e-02
8.553972807792716015e-02
8.619237036719348821e-02
7.377115244567857000e-02
5.517763074965104791e-02
8.574969731089508718e-02
8.363922039045282308e-02
7.524488247063833291e-02
8.613464495556948097e-02
8.017769564049025133e-02
8.047290176015091390e-02
8.028841894953074598e-02
9.005191768040494982e-02
6.547380258633364591e-02
8.172490340905130823e-02
7.183398247261800484e-02
7.368660448139822960e-02
8.672508447080841398e-02
8.357794809441432271e-02
7.846965884031610605e-02
7.976532775756339788e-02
7.773302940873018374e-02
8.573667409403835926e-02
7.992098140198421186e-02
8.957817224097684716e-02
6.611793489214158603e-02
7.593018110192588377e-02
8.379092583510484860e-02
8.197499240362565720e-02
8.195031067501602762e-02
8.000925309891855630e-02
7.817718438475891596e-02
8.243551216825013850e-02
7.795595773173458198e-02
8.221812265984103363e-02
8.369767728445402788e-02
7.305957631417052400e-02
8.113178366086061521e-02
7.399093748036900120e-02
7.834005326121562529e-02
7.620057521620214602e-02
8.332389555665127567e-02
6.624159091931673682e-02
8.103235201156706868e-02
8.064144299767736501e-02
5.790892341084002970e-02
7.035042393522863979e-02
7.754478691653693412e-02
8.605536545905306811e-02
7.472413625670111526e-02
8.768891869612575884e-02
8.077767567024729534e-02
7.393229273417689651e-02
8.195565451247943667e-02
7.399876203558611309e-02
7.979229802613624356e-02
7.171737763984468994e-02
8.038771438042861817e-02
8.175299543099089072e-02
7.409181480017337784e-02
6.693129519062047950e-02
7.518165985237773574e-02
8.856123097135229494e-02
7.537812908399017797e-02
8.851125645608867720e-02
9.646986940663740406e-02
7.558718271210644601e-02
8.236075487991253996e-02
8.296478128677892139e-02
8.329827619837114339e-02
8.423418255849426939e-02
8.007218146760435029e-02
8.243804363493424658e-02
8.128309832598477891e-02
7.975953038494290603e-02
6.401235977238126096e-02
8.261226622248053764e-02
8.030054726727473002e-02
7.853574229728124689e-02
8.095740444188007090e-02
8.822331692579866991e-02
8.077000486401553214e-02
8.172838619281819206e-02
7.710881751891246472e-02
7.318362621185876826e-02
7.902909175935664277e-02
7.645251831457021419e-02
8.151539829390129499e-02
8.495515806238436440e-02
7.717129679188923508e-02
7.049947239650486419e-02
6.395320651744429430e-02
7.504343537819020693e-02
5.656164340503386234e-02
7.379314397269430559e-02
7.963290711839483837e-02
7.902825146558159486e-02
7.373887388514654972e-02
7.924973069316620933e-02
8.091833012108003154e-02
8.319053395480802138e-02
7.896169320508501788e-02
8.082746997207171380e-02
6.827251951113141870e-02
6.171064468178766999e-02
8.115783629232807550e-02
8.130336091412787569e-02
8.166485403907730589e-02
3.178282756544883320e-02
6.069662781085482378e-02
4.809264500966083100e-02
7.203034886654191560e-02
8.282280771660809060e-02
7.739177239445260703e-02
7.274323291791189028e-02
8.077301876886351650e-02
7.899997278220413643e-02
8.089568337789884711e-02
8.123502939125815114e-02
8.063712782784215882e-02
8.475876407640779708e-02
8.111644340053085489e-02
8.274324847917492731e-02
8.247379832452585158e-02
7.986488933520695388e-02
6.795214150663901609e-02
8.169301944130341608e-02
7.067477912733323431e-02
7.484951990211526074e-02
8.255266179739306764e-02
3.963774082118518699e-02
8.487917478317134889e-02
8.325183845636956181e-02
8.465593558245818051e-02
8.163011575643427942e-02
7.814952544466530204e-02
8.208341832575322128e-02
6.467490267619183109e-02
7.121010107190069160e-02
8.195075089817095704e-02
7.119278183179356123e-02
7.702024795329653895e-02
6.812162322901124667e-02
9.222932278496168146e-02
8.111204876344189907e-02
7.910553545775378392e-02
8.534396970395542736e-02
7.499743863968420798e-02
8.166414887369895237e-02
8.252413734732766404e-02
7.988689018094437266e-02
5.555727697959337436e-02
8.198977061916402909e-02
8.229236241072375446e-02
8.220216573984215347e-02
8.008635244808386122e-02
8.194696123760715489e-02
8.243717788336402119e-02
3.950977497856179160e-02
9.034835703090907111e-02
7.740557541555422028e-02
7.056571757812772627e-02
8.177740104087057038e-02
7.890748044863395150e-02
8.511894345366810555e-02
8.356432221178403119e-02
7.809169351843270324e-02
3.716705198396406257e-02
7.955547378117507062e-02
8.150729685403962366e-02
8.180233506267520216e-02
7.664495176945679278e-02
6.876315741146399318e-02
7.791662014453923368e-02
8.320114890015524456e-02
8.159463569119994319e-02
7.938476897228602391e-02
9.376099222529891974e-02
7.508086318396293979e-02
8.087551535411680037e-02
8.074116195963493281e-02
8.276908475889241390e-02
8.328063476739090698e-02
8.117545527596846389e-02
8.722617860568429582e-02
8.173335082016502939e-02
6.943395952431309637e-02
7.617425376931455383e-02
8.298175282374327388e-02
8.350193659760793419e-02
7.014767344686113903e-02
4.829568951239734259e-02
7.492547024785742305e-02
8.047950648153930076e-02
9.433523960739628733e-02
7.961690485246847304e-02
7.082614520754015874e-02
8.199102228966521910e-02
4.627921546742324449e-02
8.739594311400565585e-02
8.236603259545845213e-02
8.063001149693953262e-02
7.845010407929627061e-02
7.946670742108781493e-02
8.073998587396259696e-02
7.806279180859172773e-02
8.157490530383539051e-02
7.056406101261843145e-02
7.628141455421225126e-02
8.330671701030306631e-02
7.931503538383728735e-02
8.162294022193421206e-02
7.717476299155845432e-02
6.715394996079566969e-02
8.239002202041396938e-02
8.769426094899539226e-02
8.320221775569322520e-02
8.430703352254535765e-02
8.122390649392269291e-02
8.115020890914380336e-02
8.461947090837218521e-02
8.205657652958525672e-02
8.102130795459643042e-02
8.077095669058671767e-02
6.974785790202814306e-02
8.422695267403688957e-02
8.135129532622559223e-02
8.010730311953370708e-02
8.151408328666764902e-02
7.520949398268833574e-02
8.530211889465995345e-02
7.503953442174421395e-02
7.160534245762405214e-02
8.132108234014649717e-02
6.327940665114520358e-02
7.911414778130104741e-02
8.069332934277381741e-02
8.206116633215015943e-02
6.551791028950801343e-02
8.327069536081281587e-02
8.532354739243618036e-02
8.122008932941034154e-02
6.953951307454697695e-02
7.047959815999126076e-02
7.716141982737348415e-02
6.585351756378969579e-02
8.042844026592774198e-02
8.633782145625146232e-02
7.312270412545109066e-02
8.521023262450171110e-02
8.737290169023928521e-02
8.719854862756336311e-02
7.693733923461434920e-02
7.973827849373039955e-02
8.248606070365996357e-02
7.978122745009227912e-02
8.351084350634860320e-02
8.652975004701309036e-02
8.336403760141380959e-02
8.655152181705086378e-02
8.305689511961715510e-02
7.484555858548877505e-02
7.969837151326507330e-02
8.059858936882881297e-02
7.748171569158991689e-02
6.547008376196163104e-02
8.258910263735566581e-02
7.585123293496931485e-02
7.965815610662198287e-02
7.500086421143728477e-02
8.258780697774958934e-02
7.549996141982855125e-02
7.892981327583814544e-02
8.253124000117655068e-02
8.449889504555324615e-02
7.803886674779031418e-02
8.194612367769034400e-02
8.277707572266820857e-02
8.745989922099456360e-02
8.151345783274638324e-02
8.241020005663104997e-02
8.245318230259796044e-02
8.192369913079977639e-02
8.190443485640576393e-02
8.167759172865186879e-02
8.724918460220260075e-02
8.236040790598422867e-02
8.432313396516090409e-02
8.427660138997761230e-02
8.350319252918836366e-02
7.465245154569515040e-02
7.965162840065731498e-02
8.222346308392274039e-02
7.093084446069132520e-02
8.252246347750841204e-02
8.124545682980856276e-02
8.181887708645675661e-02
8.899116069644913418e-02
7.730126272871966353e-02
8.485841066666964527e-02
8.074564083653633373e-02
7.166482061929836667e-02
7.485577979611099386e-02
7.744517444187005994e-02
8.359903360629683533e-02
6.006976998312957977e-02
8.326788176606697567e-02
8.006560228382271494e-02
7.335600261770369723e-02
8.315897216523567004e-02
8.181422424211046152e-02
8.290342197257540013e-02
7.772896478189132707e-02
7.886740256624684420e-02
7.246815294481810665e-02
8.177789995109153998e-02
8.291213299321144314e-02
6.168495046672132359e-02
7.426584655980575378e-02
8.102561945219936834e-02
7.374756292680430259e-02
8.004524241097325798e-02
8.359545393853479167e-02
8.161833383085578819e-02
7.766252646240114077e-02
8.025710641494633590e-02
7.747046327616013972e-02
8.295604797697850308e-02
7.362725720857146716e-02
7.990935632424520096e-02
7.845507153440649251e-02
8.144337804821839832e-02
7.511997343860102316e-02
8.153031501826209226e-02
7.916869774884981170e-02
7.607248740772419582e-02
7.221471435693745111e-02
8.111193013939747842e-02
8.184328972985686901e-02
7.874166980902405633e-02
8.212225379929548319e-02
6.370464027509226135e-02
8.265325001038162367e-02
8.400451929694680020e-02
7.024756128683128098e-02
9.539385173246982264e-02
7.743965605630377669e-02
8.157987894942868301e-02
8.149926789195295618e-02
8.078211007655002052e-02
7.806889354461032937e-02
8.594404184531075075e-02
7.993835219081664445e-02
7.681182342983841616e-02
7.985819853838199700e-02
8.021002184100760324e-02
7.962470040422368889e-02
7.782715131732327596e-02
8.356212163458913433e-02
7.362613077160673480e-02
7.730467453122616406e-02
7.718985236646676296e-02
8.175153308344176861e-02
7.571769345360887526e-02
7.936051842164450199e-02
7.735787850774084040e-02
7.190676619446506601e-02
7.313262763817329759e-02
8.350907527779631578e-02
7.693074699719841536e-02
8.323148926839452066e-02
8.085871321062390593e-02
8.090568120858032675e-02
8.083544115934675200e-02
8.129799387769071073e-02
5.784788242436381123e-02
7.987969437109448956e-02
7.373737214764464198e-02
8.291286788049062606e-02
8.053888947113856112e-02
8.334412495299511892e-02
7.722548288812824957e-02
8.368706696761686603e-02
7.372880283080403274e-02
8.618900231955821389e-02
7.252614208804576690e-02
8.443767704540197649e-02
9.045783940297981440e-02
8.114855784887430035e-02
7.135356179378736508e-02
5.458458543266874602e-02
8.042356652003287976e-02
7.480518593461131516e-02
6.902773750952186094e-02
7.979938741074692199e-02
8.291704226559040714e-02
7.751303074866418286e-02
7.568245269307070922e-02
8.224145965762852395e-02
7.667732568733770515e-02
8.195391558839769386e-02
7.437767580841674053e-02
7.420454333502191080e-02
8.003839498600961999e-02
8.315007506201010923e-02
4.657522051073400421e-02
8.185945216889152498e-02
8.583668558370724511e-02
8.355013411304480775e-02
6.828487082764965466e-02
6.425030497733205670e-02
6.661518355038589800e-02
7.921265787850535756e-02
7.925033087357821748e-02
8.326808850318000166e-02
7.125893845555573980e-02
8.961634374099607114e-02
8.578374652934729616e-02
8.493736804220071435e-02
8.405348599038678370e-02
8.183859087799667809e-02
8.194300621467168200e-02
7.385790337297194752e-02
8.512576885654075942e-02
7.711525508513988880e-02
7.948674565545932325e-02
8.070234897690285736e-02
7.633460123646204631e-02
8.192999001492565214e-02
7.363137377482531498e-02
8.446057416002192286e-02
7.974454409092249230e-02
8.326947892546988916e-02
8.249925249196481125e-02
5.799085716120659650e-02
5.927053883952480146e-02
5.557173177021105387e-02
6.798327052143092464e-02
8.165030223640240559e-02
7.778158305017338070e-02
5.809096701357795156e-02
8.161628523835258442e-02
7.757807377300619811e-02
8.038709348590691861e-02
8.187372291183878104e-02
8.333049144600154778e-02
8.224951050555814880e-02
6.128617849575702242e-02
8.407075958540452532e-02
8.298271575900369179e-02
8.540116147007187353e-02
8.173553678345703288e-02
6.593431973928898238e-02
7.530259645551716507e-02
8.398698835222088988e-02
8.168537386811586254e-02
8.476386409122069199e-02
8.236165416753381263e-02
8.170832639334439651e-02
8.119853129713996975e-02
8.021033135158903149e-02
7.845028638258920439e-02
8.352244012081808111e-02
7.609775697652000626e-02
7.966281441904828065e-02
8.056372144422820070e-02
7.994467864582609218e-02
8.241293198344520898e-02
6.725957845518927558e-02
6.881051916247833689e-02
8.257807040382440789e-02
4.095203433653969022e-02
8.145872290997881182e-02
7.661386281128122755e-02
5.958089188942115866e-02
8.201107596789779242e-02
6.201340262557062527e-02
8.792799386220895297e-02
8.084417469751949137e-02
5.793435985161154295e-02
8.059093786772332513e-02
6.201374522200892719e-02
8.217442494760548999e-02
8.360366904163640811e-02
7.781782821680197082e-02
7.248051429299980086e-02
8.104079047447396156e-02
8.187765613973693735e-02
8.391449566252587311e-02
8.055397409507912554e-02
7.549755335488030072e-02
6.812390176594813884e-02
8.242671857013850190e-02
6.829193473836303596e-02
8.319608893272585626e-02
8.801143115483829604e-02
5.205492080538006577e-02
8.040287632075018842e-02
8.230730483218676174e-02
6.848244181232902850e-02
8.354235567983384070e-02
6.588880789277587469e-02
8.620418490978161430e-02
7.250735725399440335e-02
7.716481277137622607e-02
7.685825722645549252e-02
8.176350817594843501e-02
8.211833982839283896e-02
8.133599579821770842e-02
8.073923459025222904e-02
8.408484861287741918e-02
7.653379852947533868e-02
8.273225433138918505e-02
8.235590163403751218e-02
7.906397201431776545e-02
8.451990997478384116e-02
7.557377811273580104e-02
7.816346226937657959e-02
8.279901806207705384e-02
8.026068726012230981e-02
8.862167103695482717e-02
6.995758023473487575e-02
7.377170110172809325e-02
8.152475483652271704e-02
7.683422888608405776e-02
4.411689959847390347e-02
7.894274231592414426e-02
7.740164391772290375e-02
4.256255321024009913e-02
8.065301236470259760e-02
7.974555060318486155e-02
8.155678680173319983e-02
7.169182025620711440e-02
7.119162398647493895e-02
7.723004994790878819e-02
7.204358079633507717e-02
4.974615725927550303e-02
7.997376229208455478e-02
7.272614652620310038e-02
8.117252959817805591e-02
7.765980729489999068e-02
7.730769242039875477e-02
8.200284444475511303e-02
8.375716799981539062e-02
7.409591346263358358e-02
8.370497309426909449e-02
8.111404281999348709e-02
6.999271409191459847e-02
8.264514588057245148e-02
8.093839230043521626e-02
8.575382865473081540e-02
8.015262214677068564e-02
6.264491035941238684e-02
8.359492208983759776e-02
8.063999476632850716e-02
8.119753525223269430e-02
8.219200307158582020e-02
5.683341384100204507e-02
8.122872752953923248e-02
8.172766761414590464e-02
7.874463564944091110e-02
8.398205083240642410e-02
8.221500179633847716e-02
8.044135582634169557e-02
8.294959675021297552e-02
8.099130498319381810e-02
9.202072412916745270e-02
8.267815861673535882e-02
7.961578787707736249e-02
8.119500632218246139e-02
4.330955589683668783e-02
7.940245656684677411e-02
7.180044948644177805e-02
8.223259283855963164e-02
8.248436019877271319e-02
8.517970391284394871e-02
7.910809485256345419e-02
7.092520967891750849e-02
7.559234641123149800e-02
7.997468291961375153e-02
8.968178476717732217e-02
8.168043646626844956e-02
5.626876897009711748e-02
8.137685070835411205e-02
7.712366111160609550e-02
5.355552907299564874e-02
8.214239536068398961e-02
8.045368915411776900e-02
7.221784653738204385e-02
8.362984190408620511e-02
8.074149992225018724e-02
7.863171980824629204e-02
8.746494430558984789e-02
7.973618626253708985e-02
8.391765491955997802e-02
8.080275672624250005e-02
7.324943101703457193e-02
6.462849693038552612e-02
7.998135464353427204e-02
8.988399733405176562e-02
8.604554079454676541e-02
8.203465167448412143e-02
8.272489385203136980e-02
9.110627742808295737e-02
8.410755214025686377e-02
7.672957278778223811e-02
8.022769688616815387e-02
8.077898006200813497e-02
7.830947465273446761e-02
8.104090638302394178e-02
8.150367549996057059e-02
8.170661171429854930e-02
3.630502827598445365e-02
8.337668910789340637e-02
8.301999055207033573e-02
7.908908578128283351e-02
6.846675394043949536e-02
8.363021789696917230e-02
7.638749424310543878e-02
8.184942161699493290e-02
6.151869277108452938e-02
8.293918385610216104e-02
8.072835389370959513e-02
7.696923222427029532e-02
8.186156140691724925e-02
7.653540704940985095e-02
8.491232129149740848e-02
8.172928626982313427e-02
7.537269625954080843e-02
8.320650480960428697e-02
7.289089094151138259e-02
8.141686399172298749e-02
8.372854230453614932e-02
8.262692375285468627e-02
8.358939917989417767e-02
8.174791457469222922e-02
8.093847318665632617e-02
8.219258055827580178e-02
6.376592441455765370e-02
7.854909962042763705e-02
8.178000181262712331e-02
7.478756115481416389e-02
7.545933688136936823e-02
8.114237325370295129e-02
7.243392754622320073e-02
7.989393341530726111e-02
7.137786253343714193e-02
8.192105240422045687e-02
8.357473916415433801e-02
7.358423569508129591e-02
8.094747918116641794e-02
7.843939391883814061e-02
8.598722286349368138e-02
7.341066442796431724e-02
7.906370795549853836e-02
7.131878433590824184e-02
7.627844646959891506e-02
8.572788518912423383e-02
8.667678838352814441e-02
6.992838327580656876e-02
6.321711702362214913e-02
7.025665530218858090e-02
7.762480566392800096e-02
8.123077511807369477e-02
6.628883237323240918e-02
8.371123274832391326e-02
8.266262628927306677e-02
7.388542289463420620e-02
8.875736086593546958e-02
8.366317408002998945e-02
8.338147954552968533e-02
7.601052242489642063e-02
8.038663671990034509e-02
8.261718395452091745e-02
8.126019601102323076e-02
8.216324951715260616e-02
8.461251672706586457e-02
7.612099968359274660e-02
8.049678787024690252e-02
8.127083924221441269e-02
7.861486201534700902e-02
7.452633257026400337e-02
8.583988989287209825e-02
8.250347520929249279e-02
8.360497886867770956e-02
8.323332717615156140e-02
6.759112877898103278e-02
8.553135664622213419e-02
9.600263557856715535e-02
8.813961161338666750e-02
7.998735172889009926e-02
7.932477062462579831e-02
8.138904030171487114e-02
8.169484726885331560e-02
6.855525162838302378e-02
8.262228390200060391e-02
5.912262813501532877e-02
7.233588068734456145e-02
8.096627589078347897e-02
7.611969477191564415e-02
8.170679764135853340e-02
8.302353810735139950e-02
7.916689725971898239e-02
7.760888793876040415e-02
8.257542699027542454e-02
7.903811216464462497e-02
7.824500300494528771e-02
8.101092631012100920e-02
8.183955952009222545e-02
8.096662789349066969e-02
7.128600598266103539e-02
8.083890366463640509e-02
7.705135117190083094e-02
7.551214488158847216e-02
7.679315623447692529e-02
8.325493354213372998e-02
7.780749288461544233e-02
8.028824784916582802e-02
8.192693081672340616e-02
8.290221107754908170e-02
7.763584865348038822e-02
8.161906122085621496e-02
7.883794606581014108e-02
8.127967639423040735e-02
5.820732077165688412e-02
8.476838238711978391e-02
5.049163295605362672e-02
7.884383194765551273e-02
8.201766756763419208e-02
7.987839096567281305e-02
6.493029386712152740e-02
7.800015911529412094e-02
7.986573641589279904e-02
5.696554954984752589e-02
7.989798683593372919e-02
8.220188364147626436e-02
6.848854182695886250e-02
8.252303258836682365e-02
8.194823630668986170e-02
8.670339681244532137e-02
7.765879954289482690e-02
8.516060913838774393e-02
7.722245321231524517e-02
8.283146284565061357e-02
7.977141355175812465e-02
7.875940168409373277e-02
7.980786385402653671e-02
8.139869203121956331e-02
8.107036578892833079e-02
8.276786522576887184e-02
7.048842365979667013e-02
8.862617790882362789e-02
8.079353376920353491e-02
8.249429129642868452e-02
8.394505152225971434e-02
8.160709854694857268e-02
7.767814626427928248e-02
8.291610996857375071e-02
7.500595134113016704e-02
7.842704343537634792e-02
8.067502316448434130e-02
8.121342691512836720e-02
8.578173054195274705e-02
7.595425065361820216e-02
7.109421196266954568e-02
8.220408286005173593e-02
7.914100661823744720e-02
7.858359169320636162e-02
8.107283820396266050e-02
8.451031270199073353e-02
7.946057317114406382e-02
7.822826264099193294e-02
8.181933447657019354e-02
7.361739618583992839e-02
7.896991166633074433e-02
7.989471102832128302e-02
7.291757729853770575e-02
7.983269042913124225e-02
8.131332628035045640e-02
8.332726225460816705e-02
7.029540614717960656e-02
8.926487945001446156e-02
8.209954901477682643e-02
7.967224831265050378e-02
8.285997728888500058e-02
8.613811639340619719e-02
6.385381374079124317e-02
7.989770595284664823e-02
8.114098827739325837e-02
5.019687846743892817e-02
8.448108151658144382e-02
7.927344312478679100e-02
4.933709978187024447e-02
7.946253093069845230e-02
8.111614355138301036e-02
