1.264274646229680658e-02
1.222059811235665788e-02
1.262049709192253517e-02
1.255363476542692425e-02
1.321649860920935844e-02
1.425133874179802633e-02
1.637127602079879382e-02
1.423119595996326023e-02
1.619946324176854344e-02
1.840110272177375092e-02
1.281164518607410575e-02
1.300170941588147527e-02
1.156079470737543004e-02
1.735695883251737667e-02
1.262914307018419766e-02
1.449729904137453916e-02
1.953835311153877957e-02
1.231626404140589298e-02
1.300237572417573505e-02
1.221789440584381513e-02
1.251140761768378476e-02
1.404622287730025038e-02
1.254217145668937855e-02
1.564162272346823757e-02
1.180231030531072450e-02
1.334710145991879413e-02
1.273445755378605458e-02
1.204894409417357586e-02
1.267756031323872580e-02
1.209846985810321060e-02
1.655440554482260490e-02
1.177527817451267181e-02
1.601487696631645474e-02
1.517105983111732143e-02
1.494945939563780898e-02
1.278229569488376592e-02
1.230979592528275157e-02
1.146590645500851838e-02
1.869442669811059027e-02
1.361108111131011100e-02
1.266008313803992404e-02
1.236412260973217270e-02
1.349354614399716004e-02
1.276824982247303820e-02
1.386594679124592173e-02
1.261011134521653095e-02
1.262640960459059276e-02
1.802907845262280082e-02
1.269359589682449337e-02
1.172476599559671602e-02
1.429303523760426173e-02
1.401689151820799915e-02
1.257100697614839738e-02
1.205388685669564128e-02
1.361524155267249819e-02
1.302555064168361108e-02
1.466749162356513828e-02
1.327202400630840030e-02
2.032444423777901923e-02
1.635747350669155761e-02
1.351608568338014994e-02
1.246922436327733107e-02
1.249300264927073398e-02
2.060349126160634578e-02
1.264130904269441212e-02
1.322558704305346923e-02
1.641372113379207381e-02
1.252320237086214545e-02
1.471744811153365314e-02
1.361780251552745583e-02
2.929285763846270485e-02
1.218856684384710815e-02
1.420796941430735490e-02
1.181014336035811699e-02
1.221652169847049947e-02
1.155741106568398090e-02
1.255214349694031874e-02
1.655426170742355443e-02
1.169012097734986252e-02
1.216379744671735978e-02
1.275617119008114544e-02
1.779486798674152770e-02
1.569705706203579701e-02
1.229048078026995748e-02
1.487623613603284746e-02
1.569548844226897541e-02
1.274964109271766073e-02
1.277187354222721928e-02
1.765638176466035464e-02
1.213051023535215503e-02
1.198343049408946703e-02
1.326109508456188753e-02
1.280466059444633660e-02
1.166624840401185408e-02
1.304847958204654983e-02
1.336042769388868373e-02
1.391574052251131656e-02
1.265388852177875591e-02
2.117463618944486967e-02
1.302993015618852078e-02
1.756896986229561711e-02
1.334180194815776793e-02
1.264331684329944756e-02
1.570258529938340850e-02
1.630524898341702278e-02
1.222004323026348177e-02
1.695486763393990945e-02
1.267399452480133699e-02
1.210443435919301113e-02
1.112471658351321495e-02
1.444290879157361131e-02
1.612016287667771691e-02
1.584136975223087926e-02
1.411507894189375535e-02
1.394857132606954625e-02
1.402374877103995145e-02
1.307005073368370032e-02
1.473830774984030006e-02
1.250092828520122344e-02
1.180299867087158602e-02
1.293019791039698788e-02
1.829744053951025753e-02
1.291661220568595878e-02
1.853432892387304673e-02
1.382972556729583635e-02
1.280844822176555910e-02
1.228727440755087927e-02
1.180697884600771970e-02
1.224344322130243613e-02
1.333507595003216410e-02
1.296654634306931321e-02
1.291351499192227789e-02
3.000913058673092618e-02
1.579230170698361913e-02
1.735006369505220913e-02
1.347615520067019755e-02
1.256664647277621477e-02
1.289054586959239267e-02
1.247672012513915962e-02
2.087934537160796716e-02
1.595859162184351185e-02
1.951278183330738131e-02
2.005846755676662235e-02
1.365974202205895958e-02
1.285382215183396466e-02
1.243392887091549111e-02
1.484604923759054625e-02
1.547555800512199348e-02
1.305047926225177783e-02
1.616916163067337250e-02
1.799155851766997410e-02
1.224886335491184863e-02
1.263435674285756476e-02
1.286575834288462145e-02
1.294635268983409908e-02
1.120710759300841755e-02
1.167068435077828724e-02
1.273619034002752490e-02
1.459328887291851812e-02
1.258597038253739600e-02
1.741545501806707197e-02
1.595411323132475342e-02
1.746230977239178125e-02
2.036163928937219716e-02
1.539631622504504353e-02
1.191038295416689367e-02
1.269913256385291067e-02
1.250842295232752407e-02
1.284171364064503815e-02
1.279409293354256613e-02
1.150920279877541176e-02
1.273837548462309135e-02
1.664415102297807023e-02
1.236481023121559393e-02
1.092525850125819487e-02
1.525616199397162101e-02
1.306298528368517349e-02
1.565640554781110028e-02
3.071134598006720201e-02
1.681841928677394252e-02
1.444511626033409199e-02
1.158494430319262185e-02
1.313077481267318526e-02
1.962895362255642415e-02
1.280896707622154566e-02
1.568869606815437648e-02
1.287153574468710877e-02
1.327064321884300659e-02
1.265492465103904875e-02
1.556299150470671216e-02
1.403674212067010894e-02
1.649330142720038112e-02
1.264783328506615193e-02
1.383171429319433009e-02
1.295018926268675860e-02
1.416477176377571763e-02
1.352584889819943327e-02
1.641708107422204868e-02
1.231449384605089702e-02
1.340687668675180806e-02
1.699432859130244056e-02
1.551018808248935850e-02
1.247922942996241256e-02
1.260328158455891259e-02
1.245362122953619193e-02
1.285776180455310870e-02
1.209156121543025417e-02
1.359351586579191085e-02
1.240351089712000282e-02
1.196700460355250989e-02
1.629386819297152025e-02
1.327308331368347132e-02
1.256102661325929695e-02
1.671577700964703775e-02
1.713332594755436269e-02
1.337363746243849100e-02
1.165804800338798505e-02
1.283540922488638804e-02
1.890084034226963833e-02
1.238542089286097034e-02
1.259858723370895113e-02
1.225510479349483858e-02
1.301343930517847788e-02
1.519729629184014483e-02
1.302481999662478268e-02
1.302231560867805026e-02
1.258402811418776746e-02
1.471106483278700541e-02
1.229953108116201357e-02
1.517133083233651245e-02
1.445263167308519399e-02
1.408958370838911053e-02
1.318679611645680316e-02
1.358404132481548510e-02
1.390298740977937569e-02
1.258073620035389008e-02
1.263546225349302006e-02
1.278433303107073642e-02
1.356500888957590939e-02
1.213237714149314160e-02
1.497441247693681761e-02
1.489658777421174786e-02
1.374713587335710425e-02
1.261011021395178067e-02
1.253977050876269039e-02
1.302885063314317485e-02
1.298138399743734711e-02
1.269500662050774761e-02
1.317616470593362642e-02
1.612829663598018548e-02
1.469739216430258205e-02
1.744130758576866586e-02
1.707879888864362317e-02
1.437564720089060631e-02
1.216089594926273582e-02
1.440547387086654058e-02
1.788786777156230190e-02
1.300352739095565931e-02
1.282568632145779722e-02
1.361891180386860106e-02
1.213058219822971129e-02
1.110298804584665400e-02
1.219031055528638566e-02
1.806962103133810324e-02
1.289977778388491821e-02
1.196555244576728329e-02
1.429677652552380218e-02
1.247964339829041314e-02
1.360246882973185738e-02
1.117862979757932446e-02
1.233506015511433296e-02
1.260210446534977199e-02
1.258126704793558794e-02
1.315272178823961510e-02
1.321316720672142085e-02
1.209736030773730757e-02
1.670930513483922727e-02
1.275121357903632145e-02
1.731929384648393799e-02
1.291652395860544422e-02
1.217764089378207612e-02
2.084999139849892311e-02
1.684937367901608030e-02
1.262480883951111986e-02
2.150049420263522998e-02
1.624325319197356815e-02
1.297131367684240151e-02
1.234641770307164620e-02
1.381267343170660897e-02
1.513059532827846880e-02
1.129242930498396136e-02
1.180730972587155578e-02
1.274127535019526324e-02
1.235459187123163875e-02
1.099277414367975068e-02
1.476644682688240361e-02
1.272925981129951860e-02
1.498533383658873751e-02
1.336807469911362352e-02
1.359213307019479372e-02
1.306022617862115202e-02
2.803881358603253424e-02
1.419216361053844168e-02
1.752279175119322158e-02
1.404535697126593416e-02
1.323036209110357332e-02
1.254258667370236439e-02
1.245053318220843731e-02
1.363483419447143741e-02
1.278412376501638324e-02
1.375698977907518702e-02
1.366454329548882560e-02
1.456966839406198880e-02
1.339147193793409178e-02
2.788354942586606516e-02
1.297628999259400895e-02
1.387985261719816912e-02
1.733484520525480077e-02
1.435172479363247544e-02
1.891711788894077234e-02
1.207922547788717500e-02
1.471810718438320252e-02
1.369474110500534629e-02
1.452774994281553871e-02
2.021376025715139815e-02
1.217883335534507977e-02
1.269991077690585564e-02
1.590882748188085505e-02
1.397671112286259787e-02
1.389368853616907047e-02
1.303245800460674578e-02
2.358535537849030389e-02
1.174161389681439328e-02
1.075252731509273446e-02
1.376634298855012456e-02
1.368469333621889251e-02
1.726829803606708125e-02
1.547354063625539303e-02
1.400917573710268142e-02
1.509524689076870672e-02
1.250004803077375479e-02
1.353456985906526661e-02
1.567578641177323415e-02
1.303000272556274416e-02
1.239561797133194483e-02
1.277492097875579206e-02
1.338450498223323938e-02
1.311111131459248395e-02
1.330345107883197479e-02
1.135801807519811954e-02
1.996722169847671424e-02
1.308683377487842615e-02
2.010332131521562482e-02
1.388238463441440924e-02
1.267116283223376945e-02
1.441369075678872874e-02
1.233944491501435918e-02
3.263625189204372862e-02
1.158442745772029700e-02
1.299251053159863369e-02
1.368555076663522004e-02
1.733297879307599265e-02
2.022810180132082053e-02
1.428016403735274387e-02
1.267950623497988462e-02
1.326386080961777271e-02
1.498742493751710307e-02
1.496106955463780662e-02
1.330335666477124555e-02
1.420391062551783559e-02
2.353926051488604981e-02
1.195788937662797813e-02
1.271516430145724734e-02
1.480619795920661355e-02
1.335679555883281452e-02
1.453838641392850121e-02
1.343586408799975554e-02
1.326592493674223598e-02
1.299356015274703499e-02
1.364366953956387685e-02
1.305943602890197869e-02
1.598843271830448221e-02
1.863176847001060329e-02
1.312770076078383953e-02
1.321877400935143193e-02
1.295457947940461402e-02
1.236073259360313641e-02
1.295893088733435922e-02
1.225068910092014414e-02
1.280918433818361256e-02
1.290836699449523367e-02
1.288558322978846510e-02
1.259754974345367491e-02
1.316038872020203719e-02
1.889238197127340174e-02
1.622206701225701458e-02
1.232788164856021482e-02
1.318354899105233895e-02
1.341611391911166906e-02
2.293599425381078263e-02
1.257334250919100137e-02
1.492095153271767553e-02
1.216165764496867849e-02
1.281666063260165217e-02
1.222798469245942390e-02
1.224599110283824781e-02
1.336199415971019155e-02
1.905610493506248310e-02
1.279497312005334689e-02
1.239879981391026585e-02
1.480826868433511405e-02
1.319427668658790243e-02
1.662711350754748907e-02
1.345116710585162433e-02
1.613612054411778587e-02
2.489745287640008839e-02
1.211435954703277314e-02
1.277474369139500708e-02
1.272311301422654126e-02
1.584636282942177704e-02
1.269729986358864721e-02
1.294116460947939209e-02
1.838831288935201605e-02
1.204608377937604370e-02
1.442752558030396641e-02
1.307859729637856315e-02
1.563086997363318312e-02
1.356449074404988964e-02
1.262568316774881003e-02
1.262356830079091295e-02
1.664602523752927235e-02
1.308914354886242006e-02
1.356713267353759980e-02
3.970302443498365669e-02
1.273275880979610544e-02
1.270289899878484542e-02
1.266519995373581974e-02
1.262725356225407637e-02
1.269470707403947199e-02
1.228207901239063843e-02
1.356836030008403381e-02
1.209179011574217436e-02
1.239711719872462273e-02
1.228872505551964478e-02
1.515861334093134873e-02
1.336572192382819678e-02
1.356049166536255242e-02
1.266729514579770927e-02
1.281929561633523770e-02
1.142043245362971138e-02
1.666301819930903969e-02
1.832934369958933232e-02
1.198041198162556366e-02
1.284152048360196613e-02
3.587613924823366413e-02
1.157373904753398151e-02
1.709826867177719617e-02
1.703854155563568756e-02
1.890642341414916147e-02
1.250894274213192048e-02
1.198120041186571255e-02
1.264531488390436414e-02
1.346918977186928150e-02
1.887416700305849168e-02
1.780213336242045252e-02
1.113094039018421542e-02
1.478706995364855413e-02
1.335862894219834104e-02
1.701559854897221127e-02
1.266342008988496567e-02
1.684765799489754828e-02
1.268070380549763190e-02
1.335168674967813704e-02
1.221924370463947120e-02
1.445168399846028483e-02
2.433475327210016248e-02
1.451712375238166028e-02
1.631202924252498840e-02
2.771631018539612648e-02
1.622846599837566434e-02
2.410701498981970142e-02
1.284405442853421564e-02
1.273133006598510877e-02
1.504627181064783353e-02
1.283999729324911306e-02
1.339474984572830603e-02
1.224031938391080890e-02
1.516774366555393404e-02
1.355804039905249107e-02
1.488300286901165538e-02
2.042557166328932625e-02
1.268409757456176110e-02
1.196847834032625443e-02
1.443126165691903731e-02
1.344010194252801688e-02
1.326159575296952109e-02
1.531293329516246818e-02
1.388219016291361400e-02
1.410314807545968128e-02
1.216196520112242975e-02
1.356519661069254847e-02
3.656008118041632893e-02
1.364605230755242850e-02
2.193560643630575180e-02
1.219385779227442380e-02
1.334917718979230020e-02
9.920607603681599190e-03
1.597144500203105319e-02
1.225287658508236212e-02
1.304522210429006485e-02
1.289011606167627527e-02
1.404807870169476856e-02
1.305528477943108945e-02
1.261545090535025337e-02
1.164538316639305605e-02
1.252921022523753071e-02
1.648002121353933994e-02
1.429795199939752105e-02
1.499612973274821147e-02
1.297372006207971919e-02
1.308537330132694167e-02
1.341125340760591748e-02
1.239871474415386171e-02
1.550163277702237136e-02
1.462671034994253091e-02
1.290569385619489903e-02
1.564451613408036207e-02
1.413572947676117360e-02
1.288013020157062830e-02
1.265218602567646372e-02
1.653884800996255344e-02
1.208313419136910170e-02
1.519820648664884852e-02
1.675394644542906042e-02
1.267768197164090629e-02
1.261847274317546078e-02
1.216942008033776793e-02
1.199004204231274989e-02
1.458436670864885799e-02
1.545566592264001164e-02
1.232158809154931117e-02
1.461625592319990875e-02
1.475273862773584556e-02
1.243940930875351084e-02
1.275298007763117289e-02
1.396387022441306427e-02
1.523221054751587068e-02
1.257237513910490143e-02
1.233155536586580392e-02
1.265334803528897316e-02
1.256511381901770190e-02
1.450588009881212392e-02
1.657410696787523299e-02
1.516089181061894275e-02
1.402513188613244664e-02
1.315322174207609468e-02
1.794075100501090619e-02
1.705090013968509413e-02
1.278854916812756717e-02
1.296731807422544201e-02
1.256130057619198916e-02
1.564189230564021899e-02
1.199379972579657679e-02
1.387297300967729220e-02
1.352983930997848916e-02
1.458601243720368708e-02
1.542993500354422967e-02
1.827709831661620751e-02
1.431490380594905264e-02
1.294441209602963279e-02
1.509890372652736117e-02
1.623740896840793896e-02
1.705837059135282760e-02
1.301740158340471652e-02
1.422045030528499426e-02
1.214128456445869204e-02
1.552246879648896093e-02
1.203485919299193685e-02
1.656166930417955416e-02
1.487638402257573933e-02
1.485501149927786341e-02
1.397564200446732574e-02
1.582713799271945332e-02
1.361306953121491255e-02
1.263762121237689551e-02
1.260306996629980032e-02
1.767376325172972246e-02
1.240124570799859723e-02
1.471002057569345024e-02
1.401600938250566024e-02
1.206126595216933106e-02
1.233705900654406308e-02
1.425384571970023974e-02
1.200445203649463596e-02
1.377174685685533979e-02
1.377155349843790615e-02
1.300962410206108096e-02
1.215344356109404785e-02
1.281010876325142621e-02
1.259069033405720191e-02
1.290332324926557819e-02
1.333445551825992136e-02
1.247654818166903275e-02
1.401965679603352222e-02
1.242758611071325542e-02
1.303758969594437205e-02
1.363817184508406277e-02
1.362864084692447589e-02
1.032417572848605587e-02
1.270903224828693473e-02
1.255801901609224051e-02
2.442235738900480277e-02
1.192581152763358583e-02
1.238951784281610777e-02
1.243650482470674834e-02
1.720517045923120047e-02
1.345218851537714928e-02
1.268883729881482500e-02
2.003079013868680133e-02
1.964944778719937210e-02
1.400711940865379500e-02
1.381762062644184726e-02
1.880625526101643852e-02
1.222442893073235129e-02
1.852355395579597871e-02
1.714021718068112210e-02
1.354610855263522345e-02
1.216171879107331467e-02
1.569905946575186201e-02
1.313446385455472806e-02
1.274083333150397880e-02
1.391880284773517815e-02
1.770387905423857766e-02
1.333103336656095081e-02
1.297424124037480260e-02
1.488276565408353652e-02
1.572775722458256628e-02
2.865684844544571716e-02
1.231063273719412016e-02
1.355360754351282379e-02
1.369221464264997953e-02
1.876844962213631424e-02
1.555789852729832362e-02
1.273824478365601781e-02
1.185068717639695471e-02
1.216802666008342561e-02
1.705894055810867893e-02
2.236033179896991865e-02
1.351582376743273688e-02
1.175280462776128083e-02
1.239179961658899189e-02
1.282802720671982061e-02
1.225543294752506028e-02
1.397427931632542510e-02
1.266460653803811592e-02
1.358432781383280691e-02
1.307620285494126393e-02
1.226551996869654215e-02
1.461582048669108486e-02
1.306441636769634616e-02
1.316759177002244444e-02
1.255045493409894831e-02
1.220461039955890274e-02
1.821785103591991306e-02
1.407617947664520711e-02
1.629532888505449625e-02
1.204662232982327968e-02
1.745763878376689962e-02
1.615552289970682148e-02
1.507603830642009410e-02
1.355498202257412500e-02
1.382701041878514787e-02
2.840014735519689679e-02
1.296051248417142213e-02
1.204740297282548556e-02
1.061647383128015015e-02
1.381689370139477062e-02
1.349489353516613623e-02
1.820756128556507911e-02
1.408794575945669994e-02
1.303697347440050183e-02
1.472256656589647668e-02
1.215400941171755275e-02
1.286310573566669044e-02
1.257831827455246909e-02
1.403841354352734598e-02
1.331707159116375834e-02
1.342631300931550024e-02
1.402453774459977258e-02
1.259713303310230209e-02
1.576326488048342828e-02
1.284693895156967941e-02
1.206988720036425954e-02
1.265615826187968702e-02
1.531774469827637715e-02
1.540978553254058851e-02
1.215906638516920865e-02
1.323275390168105782e-02
1.326634107893761953e-02
2.690447211482000986e-02
1.218585507482632634e-02
1.283753400092422885e-02
1.382446492451940880e-02
1.662823566408170098e-02
1.760517662671012493e-02
1.319257132662177666e-02
1.366880072495597030e-02
1.255437098785137928e-02
1.751858689429052623e-02
1.155005763500842504e-02
1.210271040633536035e-02
1.488333300055297119e-02
1.400443996799529377e-02
1.220299067392946468e-02
1.382540687882759592e-02
9.974780316564992033e-03
1.776765345675772323e-02
1.328026295888007878e-02
1.465652108246467446e-02
1.295265349862388671e-02
1.508235562564180787e-02
1.598338056907737045e-02
1.291777571341545285e-02
1.550768398152320773e-02
1.324435425752439749e-02
1.369570055579199044e-02
1.422438764972456908e-02
1.330380883603289772e-02
1.309436624062497098e-02
1.258479912439195575e-02
1.221847502943767573e-02
1.409013597062276808e-02
1.355838692173570899e-02
1.335317235854391500e-02
1.528227587382937139e-02
1.472005804190925499e-02
1.292414439647339083e-02
1.262539134394366491e-02
1.336590067728552628e-02
1.323413902173487498e-02
1.568492375892482221e-02
1.417073453604704089e-02
1.221415758396940388e-02
1.999910489105513264e-02
1.643979989631749739e-02
1.213169302311892066e-02
1.286223381106062907e-02
1.251768369866578835e-02
1.268260371201755492e-02
2.119728384372101052e-02
2.140491412014301070e-02
2.632098925165082121e-02
1.257031615969787276e-02
1.594616667458579121e-02
1.629265320589696336e-02
1.396884331411821570e-02
1.291774005376714052e-02
1.295805105340921103e-02
1.225744872298405001e-02
1.141271231008815501e-02
1.560001850028027402e-02
2.287680628558654006e-02
1.393351712959463827e-02
1.294114017237901239e-02
1.275570808797920307e-02
1.385571183155100833e-02
1.461207022767179765e-02
1.207777674760971386e-02
1.594374610775056364e-02
1.404403312182288081e-02
1.384249356452596329e-02
1.297091259678530110e-02
1.390662156949623932e-02
1.215395308595748451e-02
1.396122148645189548e-02
1.288776453101943970e-02
1.283051183327733706e-02
2.024676219293059312e-02
1.388065456933462900e-02
1.437559679137100088e-02
1.420134081766942329e-02
1.531480246483661253e-02
1.297169300267327074e-02
1.314071294921619060e-02
1.307228886148913832e-02
1.224938309757869423e-02
1.378541486226660465e-02
1.268689560715719963e-02
1.736675695019920806e-02
1.215127670958423764e-02
1.351309359256457759e-02
1.118385330446545860e-02
1.651460485511459589e-02
1.260728469533660932e-02
1.274292940598154011e-02
1.157044016885904955e-02
1.581555205081347157e-02
1.555896410081362286e-02
1.849028726140144324e-02
1.208644342505889833e-02
1.671507577007325107e-02
1.323577974466482073e-02
1.226931413494779591e-02
1.227558340254247815e-02
1.140502498704412150e-02
1.372881462079998324e-02
1.382481089204591097e-02
1.245759927159792620e-02
1.223097896178738063e-02
1.381205282549775697e-02
1.193672615067725012e-02
1.263279069500439743e-02
1.135290884915676410e-02
1.306882883841264942e-02
2.156785008778305812e-02
1.334538927950343519e-02
1.239469754129207332e-02
1.273007467299377624e-02
1.443139766640655179e-02
9.645169381333841552e-03
1.354662855959801529e-02
1.311810615504834486e-02
1.251480213210436412e-02
1.763767422456930661e-02
1.377928842270637402e-02
1.268445140697362257e-02
1.275336816714383974e-02
1.250557124209506626e-02
1.729637585214410106e-02
1.563985775424277941e-02
1.926164782787220808e-02
1.925216661536804236e-02
1.187764805641432220e-02
1.263226741807526102e-02
1.591575163858504130e-02
1.256903852514201086e-02
1.245310707148253836e-02
1.107783804986078001e-02
1.270692716366090234e-02
1.554074314294605699e-02
1.236518784806654205e-02
1.595873017653410761e-02
1.268581627151850640e-02
1.570375905290967780e-02
1.594044401469515981e-02
2.185669192555412393e-02
1.210537289965667521e-02
1.221290982322652090e-02
1.265873973055967570e-02
1.180398091107179130e-02
1.266782336714221066e-02
1.244792008120050586e-02
1.267716855202840123e-02
1.371416608917478720e-02
1.253619306656230011e-02
1.447943917690822611e-02
1.301550121265265467e-02
1.779348908978828012e-02
1.262393913789712843e-02
1.318112901679801760e-02
1.336326373533876059e-02
1.409224406479878469e-02
1.245765907220808613e-02
1.076264032312961201e-02
1.293789075156288534e-02
2.087386165173327549e-02
2.300755398139284549e-02
1.334766728409712139e-02
1.255990691558550934e-02
1.730864922812560408e-02
1.285982521965866807e-02
1.362539978168305840e-02
1.727835272858739210e-02
1.297356232034448630e-02
1.261902980316788499e-02
1.468831696767207429e-02
1.442013510280802310e-02
1.552024426037803932e-02
1.281937076774612716e-02
1.292546699002280856e-02
3.083931092656012896e-02
1.394185401882871468e-02
1.282880305334893611e-02
1.439458932009866909e-02
1.119327352541067688e-02
1.190496845189238997e-02
1.336124034342094612e-02
1.294686422827889642e-02
2.355659586631228541e-02
1.260751166336837245e-02
1.239432112005316514e-02
1.233880047724698545e-02
1.147386189080081866e-02
1.384291908657158190e-02
1.195047941461352230e-02
1.417440476433691823e-02
1.235422986081254927e-02
1.150174103078355908e-02
1.147338452988384480e-02
1.448977741676667208e-02
1.536108769970564135e-02
1.224309597771856654e-02
2.443927361484914823e-02
1.499719164035086087e-02
1.311586500561397368e-02
1.391144439773413059e-02
1.503308120185717182e-02
1.654784218467982015e-02
1.444319966397027144e-02
1.566274804393290657e-02
1.338633922645286571e-02
1.298374973785012751e-02
2.529253934982933147e-02
1.366450278739986431e-02
1.241865963242703465e-02
1.366462578835469718e-02
1.261368349942549281e-02
1.258252330673481113e-02
1.409173338119951678e-02
1.565478056261931580e-02
1.167094432000810242e-02
1.597514883042545561e-02
1.275531789895417711e-02
1.273639910947965345e-02
1.819963902827065327e-02
1.328790155437807770e-02
1.304315586017583059e-02
1.283390023949458614e-02
1.290828546070271927e-02
1.088965040155778254e-02
1.269384348772173085e-02
1.743488642932796914e-02
1.946748368510848801e-02
1.365208089242805206e-02
1.421472958232046502e-02
1.512303796623547941e-02
1.572534207542734819e-02
1.796821919381092272e-02
1.632070072456136278e-02
1.286444230405712347e-02
1.168697605195793444e-02
1.807397009291366458e-02
1.758651395791075572e-02
1.428508775897991204e-02
1.486534898683722523e-02
1.453961386035189721e-02
1.314477361134964474e-02
1.344056082619852696e-02
1.351102346498018157e-02
1.239395797616221935e-02
1.526723033297429019e-02
2.468698648985067495e-02
1.316584925553047382e-02
1.364572242855770223e-02
1.227481428650583489e-02
1.295348615939961694e-02
1.228145675039746081e-02
1.192062691114315065e-02
2.142519956928716496e-02
1.280395099336999014e-02
1.203461099058693827e-02
1.276473007485864203e-02
1.340940253025364216e-02
1.843407643356953507e-02
1.220088399721683606e-02
1.281360572488347491e-02
1.356347024875671249e-02
1.263841795968765128e-02
1.267142537933675303e-02
1.339449100292545644e-02
1.285902261287041014e-02
1.707212284139451169e-02
1.232232116984220173e-02
1.299228627994899153e-02
1.215675230176248983e-02
1.228180596527488240e-02
1.534259149640440287e-02
1.314784807372858071e-02
1.264375397000335952e-02
1.270241589947825565e-02
1.378575370034904220e-02
1.331951121876013243e-02
1.522951525762073453e-02
1.326767437466371338e-02
1.390097521404272916e-02
1.244460096869341378e-02
1.991915571404056021e-02
1.366946030022841638e-02
1.297249535499237980e-02
1.325951129628048265e-02
1.462965089349764318e-02
1.428608689730414931e-02
1.210635656741329558e-02
1.243145294087650947e-02
1.257064271839091960e-02
1.303963914080832030e-02
1.614128623471502641e-02
1.528436102463458929e-02
1.290346008980849772e-02
1.310608576513123784e-02
