6.067929939039526377e-02
7.279917743390984519e-02
6.164916342364643032e-02
5.452993131866431392e-02
6.124966202470450566e-02
6.097716237056019506e-02
5.611109556439878437e-02
6.209772132857850624e-02
6.166961928837987744e-02
6.212498460355469349e-02
5.683518362951980180e-02
5.928120985365627205e-02
7.369174185559852763e-02
5.903525907995064992e-02
6.149563351843077841e-02
6.047678382962522886e-02
7.274951044323288429e-02
6.171768089682966307e-02
6.646519554104901584e-02
6.767946030653196332e-02
6.009633541912703936e-02
6.460811831680036976e-02
5.814949934145425409e-02
6.215318965080224994e-02
4.525811194492851408e-02
7.141405940096570704e-02
6.051828912525027138e-02
5.844560221710964204e-02
6.151539796183816411e-02
6.099916002382422403e-02
6.044804878118185260e-02
5.731978222464809841e-02
6.154394067170265714e-02
5.991428246448868983e-02
6.134504422843478633e-02
5.962498189665185744e-02
6.154333654442295520e-02
6.280986821627476679e-02
6.983832495110056660e-02
5.870190202594043755e-02
6.183919582836102519e-02
6.508109446406476484e-02
6.364351561644256139e-02
7.252259250436667026e-02
6.873813642043836991e-02
6.200786524560319285e-02
4.889830800278931189e-02
5.971251761797881363e-02
4.043387786770335363e-02
5.325098802347395799e-02
5.606122181174808677e-02
6.260635079414453297e-02
6.220814074151688466e-02
6.174650925440738208e-02
6.569973897541024621e-02
6.707265659826155968e-02
6.020466372296490176e-02
6.195544201598855022e-02
6.214847876130242393e-02
5.415414683909326038e-02
6.054051192144885296e-02
6.187476929965713551e-02
3.620406997305519042e-02
5.812730592155482268e-02
5.931539331675010629e-02
6.430945827629976075e-02
6.044278513617177412e-02
6.110904987378790176e-02
6.317678816118225960e-02
5.907071898904298762e-02
6.219455939524208554e-02
4.651467925100227774e-02
6.176078302232775041e-02
5.167013207524864815e-02
5.942905679287364962e-02
6.276480774185819178e-02
5.999994079528282731e-02
6.084013166101230607e-02
6.261896156769659882e-02
5.999591769486795068e-02
6.601394773558480478e-02
5.714010199959970726e-02
5.774253680697841173e-02
6.045261102369507006e-02
6.400552511690633939e-02
5.462799162110918566e-02
6.021553979743224372e-02
6.057770479804379382e-02
7.688949280771036066e-02
6.178978693676794726e-02
6.253496222806272098e-02
6.576367732973421865e-02
7.179159345122101965e-02
5.360849027812202711e-02
4.918407894119323359e-02
6.131797953221317099e-02
3.888194052884853119e-02
6.013422647241272595e-02
5.893670751910744937e-02
5.649563721763016522e-02
6.118723279856683878e-02
6.009113649077372360e-02
9.782338647139708632e-02
5.683641845956747402e-02
5.619995992105026456e-02
5.972663556136662000e-02
5.610310952558088260e-02
6.167660998237114306e-02
6.542060275116425017e-02
5.802616412336975005e-02
3.295370879494828598e-02
6.200941821371854651e-02
6.470031849625740294e-02
6.701914453073426481e-02
5.488354662917113019e-02
3.822220523000106895e-02
6.558501158210973403e-02
6.123325825809893680e-02
6.302374056672981062e-02
6.738980912214102836e-02
5.370257147802534603e-02
5.924206167191010258e-02
6.344438171194534404e-02
6.041823936861132061e-02
5.847753702202574538e-02
6.277122366375328943e-02
6.085274814234914453e-02
5.752807006103939635e-02
6.642027474418883692e-02
6.278570090937468651e-02
6.035702106186932592e-02
6.143726146136242738e-02
3.459800588985637027e-02
5.987179019456233264e-02
6.064689013936819251e-02
6.128960904023179196e-02
6.107932566227224080e-02
6.758410462022933218e-02
6.176356640533997577e-02
4.963631567055027533e-02
7.127283553906699209e-02
5.717651917508952131e-02
6.114235412454525898e-02
5.622746721785965018e-02
5.079881732762941277e-02
6.307281550225324329e-02
6.318912210402310992e-02
6.046780446240913875e-02
5.530737892249143473e-02
6.160409603328079881e-02
6.175044817015727661e-02
6.226640072787584940e-02
4.527449559316865796e-02
5.672882030100408202e-02
6.521966607911491853e-02
6.114049185932828728e-02
5.945628009766046329e-02
6.129942270611161981e-02
6.058343987141389525e-02
7.416935053973792991e-02
5.807592220608946004e-02
6.159016981420737530e-02
6.367508078567411800e-02
6.424636155222215872e-02
4.216050124592345821e-02
6.145123108926992678e-02
5.875371400786907894e-02
6.885582294385507451e-02
5.714836750346539290e-02
6.011922246527327124e-02
6.008845080375664616e-02
6.192640988361409332e-02
5.882911326175339212e-02
6.869659609888134622e-02
6.255637847906210525e-02
6.197509959542984309e-02
6.170989467105553877e-02
6.048627432880055582e-02
5.510840413776794261e-02
7.018123797640965500e-02
5.749052462864948781e-02
6.472894361474540448e-02
6.491919439162734118e-02
6.805273650692715559e-02
6.673894356948856244e-02
6.224716791087273743e-02
4.864910422298011905e-02
5.592132257810380341e-02
5.574036562542391410e-02
6.290555585105461756e-02
7.317678737623885266e-02
7.245310860334847058e-02
4.743498493234129393e-02
6.210852998504422934e-02
6.111325209928878538e-02
5.996084571006695535e-02
5.358690792400751940e-02
6.431647093629740131e-02
5.638612366193230391e-02
4.327824910930667957e-02
6.053492354814922483e-02
4.627641430963626984e-02
6.184833571337786801e-02
6.315701418633966335e-02
5.914062812723289153e-02
5.930648000444948414e-02
6.112158658556908486e-02
6.445805182064659467e-02
6.165015432969227216e-02
6.119369789165727408e-02
6.022332374862613552e-02
5.966376220968625660e-02
5.876603841756716795e-02
6.107706174545336070e-02
5.769982604471138310e-02
6.481403728347598370e-02
6.133638146957384046e-02
6.038310019872946549e-02
6.192900451536943740e-02
6.184156938862433311e-02
6.258929635787391366e-02
6.099688459603637425e-02
5.389078569361811094e-02
5.819652130803133067e-02
6.318515784482690856e-02
5.436532699639032989e-02
6.134107357150185569e-02
6.176187811234263442e-02
6.273812818823328030e-02
5.056769285099185773e-02
6.330417157473398893e-02
5.563930337311290275e-02
6.597860657253522276e-02
6.524053400364324129e-02
6.213497429829514807e-02
6.632022174941694381e-02
5.717701475386321314e-02
5.792989549059485849e-02
5.649718262725034884e-02
6.318914335040159980e-02
6.768559473130615622e-02
5.987118721246863923e-02
6.645265184589184415e-02
6.045906857936206302e-02
6.388617297160265052e-02
6.307668868561598641e-02
6.389536606160123311e-02
6.741615551948157425e-02
6.015615319938549116e-02
5.973456401689333783e-02
5.175895413267370126e-02
4.894452480732459226e-02
7.361613471575932655e-02
6.413956881085650097e-02
6.042429055035582197e-02
5.636864088063476413e-02
6.764684986654059817e-02
6.162649772731773612e-02
6.137572197702184651e-02
6.163119346740881382e-02
6.131619265873845814e-02
5.995410939260902711e-02
6.380026197068054683e-02
6.567702981425976860e-02
5.545141739299266209e-02
6.523826103945938593e-02
5.627762592118078916e-02
6.213075398179137426e-02
6.316905970792668912e-02
6.104354367111421847e-02
5.933676668317112296e-02
5.766424460311173061e-02
5.398483482137349937e-02
5.781747900421088660e-02
5.985397053383416377e-02
6.252289373083666502e-02
5.878821133269694632e-02
6.632697420618016704e-02
6.068446630885585696e-02
6.250170627333331841e-02
6.248620258001645611e-02
5.966479521681524595e-02
6.298513236314601249e-02
6.251746462771388957e-02
5.357344863396501511e-02
5.614501962325314094e-02
6.244936630756894175e-02
5.647599186025114432e-02
6.431336518838373650e-02
6.388965786739243813e-02
6.187401458274826432e-02
6.218340727465964529e-02
7.047056433307705148e-02
6.110183406897236325e-02
5.861837088548593061e-02
6.105417428075541469e-02
7.325249395015349940e-02
6.018407228622029564e-02
6.130007989602197921e-02
6.797366795973730502e-02
5.760406944804930679e-02
6.007047940488680071e-02
3.774190944082256999e-02
5.368146944294400341e-02
6.170687794900385492e-02
6.145404704205534308e-02
5.481886698323724938e-02
5.791425693046833856e-02
7.037709360171175155e-02
6.662208660706946117e-02
6.298303298448748588e-02
6.176688722648169400e-02
6.169248453349641947e-02
6.320844275736883788e-02
6.190542322815569681e-02
5.987055328868089166e-02
6.569609994927391727e-02
6.148023456262036862e-02
6.167285782177398673e-02
4.568993716809877093e-02
4.331773478716155479e-02
6.248782118047585543e-02
6.186721068121011496e-02
6.532213106245464418e-02
5.990203035659490138e-02
6.164228572367593667e-02
6.154583740293401162e-02
7.817679083309075905e-02
5.902936805243299417e-02
6.497458024846439195e-02
6.162089841034284338e-02
6.111875772387573291e-02
6.128275701948597554e-02
5.404920174661324850e-02
6.645212152182539134e-02
6.217879355502382160e-02
6.463269228053977744e-02
6.258334114385635805e-02
5.988122461641919025e-02
6.527738745773498108e-02
6.082024688781232508e-02
5.562925188080353189e-02
6.797020380184788657e-02
6.702743753196536980e-02
4.269982854041615150e-02
5.988230044829789822e-02
5.529660721766618131e-02
5.685489538060641695e-02
6.523905754942214974e-02
6.105533029237433795e-02
6.310077305980747731e-02
5.334011888463217888e-02
6.127563196375417770e-02
6.081059557067955423e-02
5.790167178488200145e-02
6.183234383505386428e-02
6.297004760652934185e-02
6.183998735330172025e-02
6.528504949075226993e-02
6.558297925309512777e-02
6.135850896805610660e-02
6.677786119921964858e-02
5.107848897270299282e-02
5.761259975799620098e-02
6.226131643860002146e-02
6.486550542331460945e-02
6.004300411566533546e-02
5.698160763198750756e-02
7.633686003450868007e-02
6.288636330957093901e-02
6.217952107326872591e-02
6.384333764755126261e-02
6.110396624159886853e-02
6.260393427206313588e-02
6.272097571419960049e-02
3.871048458948897486e-02
6.111670587767764617e-02
6.198476468600673528e-02
6.079383787736721001e-02
6.389985124884817180e-02
5.982503558061134930e-02
4.784259507217970137e-02
6.015167192118299477e-02
5.476750760476985225e-02
6.024000469882154207e-02
6.219267792139805684e-02
6.636292281364290779e-02
6.042508412804423190e-02
6.207263161612601443e-02
6.600948092946841428e-02
6.182198363869542690e-02
6.032073339310609073e-02
6.174532377037548342e-02
5.386503926985866664e-02
6.075235586336872468e-02
5.832091901246690829e-02
6.048323075903316859e-02
6.324702126890616172e-02
5.732093015123363583e-02
5.958818081538003880e-02
5.925795566759761712e-02
7.189873739633058369e-02
6.372334587049571786e-02
5.875683195262011022e-02
6.254947861571856504e-02
6.028449969498423516e-02
6.146132071476435171e-02
6.136396236626099482e-02
6.086260997852734056e-02
6.448077955104643266e-02
7.012578322047550994e-02
6.787323427961280964e-02
6.162692022068343156e-02
6.385725072173921435e-02
5.720483805132402233e-02
6.249898275393933611e-02
6.376515436497585954e-02
7.976252779298553808e-02
4.981567262010795638e-02
6.110447512964899131e-02
6.035818198929531614e-02
6.231398562028444416e-02
7.873952004005822791e-02
6.682753844961035472e-02
7.182505883823053772e-02
6.279880689131296656e-02
5.674067284148316681e-02
5.879332948655927732e-02
6.306963523882419542e-02
6.165768742275804654e-02
6.003840224151613114e-02
7.751714862408691509e-02
3.149781533199293854e-02
6.635719326624912873e-02
7.393759091469845335e-02
5.556305007166930515e-02
6.245491949796313363e-02
5.979581741788416588e-02
6.725617186662305458e-02
5.786312449157414439e-02
6.195925386237970123e-02
6.282349805099037010e-02
6.335731872739687465e-02
5.629479798461398815e-02
6.589796035645216488e-02
5.314389386862122117e-02
6.308254986034662892e-02
6.147687331114704001e-02
6.209055451262369962e-02
6.709423402065591013e-02
6.002805347717691392e-02
6.317131772745980534e-02
7.410090458817668313e-02
5.711620855311731054e-02
6.245924582194777031e-02
5.628588902087009599e-02
6.123312670849499761e-02
5.900323196575860130e-02
5.832510527322849053e-02
4.948729668148402205e-02
6.519376609534545397e-02
6.185237411870590785e-02
6.179139487834972577e-02
6.699128761509777485e-02
6.240445252174849078e-02
6.113859583693660726e-02
5.014847621922670362e-02
5.525194898759276663e-02
5.485774405121190272e-02
6.238036743212792973e-02
6.211866548636214153e-02
6.846540766306995207e-02
5.923896178166852128e-02
5.527520845675242683e-02
6.429975380319678802e-02
5.659432548209673841e-02
6.907263090210359613e-02
6.283616402358592479e-02
5.504502798417310050e-02
6.170447310779227784e-02
6.347293435959040775e-02
4.256110876166225437e-02
6.210988879634744830e-02
6.303832715163594502e-02
6.460847136197160612e-02
6.007228872257787400e-02
6.337793706865525734e-02
6.496842217950328513e-02
5.668168686802336348e-02
6.176641515067562982e-02
6.599821903190408734e-02
6.105458349844047894e-02
4.687660661426948372e-02
6.182307181191945555e-02
6.135781577544377474e-02
6.137771217157280551e-02
5.574260569324097220e-02
6.697578698048269052e-02
6.443371182989905688e-02
6.441080726525245936e-02
5.836268123992825740e-02
5.470960018184012341e-02
6.162734604399120603e-02
5.816546328614247835e-02
5.751360263113267784e-02
5.082152288000892082e-02
6.017646712292908789e-02
6.252134209362190942e-02
6.094378701480617638e-02
9.173997294549987580e-02
5.793244702289451764e-02
6.485203490929919434e-02
6.069465869145583559e-02
5.898498460975236390e-02
5.530845674185320970e-02
6.179545550250114400e-02
6.192857647122568948e-02
6.372631096785268123e-02
6.428358470032453920e-02
6.142323123615375802e-02
6.029731175405880772e-02
6.171449188461475971e-02
7.134554620152412652e-02
6.084768430234159531e-02
5.402477599514786399e-02
5.318045665451050924e-02
5.227791613391315206e-02
6.297636438515029356e-02
6.155598248734232142e-02
5.913826262678811840e-02
6.394488279084921400e-02
6.579849581337902931e-02
5.779862235193344855e-02
5.848901489119109204e-02
5.798412447992042085e-02
4.693984947013160602e-02
5.431337210058802267e-02
5.302006204221259428e-02
6.084852448429318994e-02
6.428502892584393724e-02
5.611389983187702740e-02
5.330707045216740575e-02
6.234415562754888618e-02
6.232559760511310193e-02
5.724446721935159965e-02
4.857760192937649740e-02
5.517566221456053632e-02
6.133150053189526801e-02
5.416687370196209689e-02
6.197077194060553879e-02
6.159577023711436394e-02
6.153600354520196575e-02
6.396984083560748602e-02
6.275881917762032858e-02
5.345794292822945992e-02
5.559594389821212457e-02
5.898319005114929098e-02
6.554640127633674929e-02
5.211193296283306298e-02
8.363384522500583174e-02
6.171380814585738367e-02
6.215431010088007940e-02
6.295345502916495362e-02
5.889489348744188918e-02
6.094779219170281398e-02
6.668062025881461852e-02
6.116704085567039456e-02
5.252142620672068524e-02
5.623097237946755172e-02
6.211488007864530286e-02
3.172560100067541716e-02
6.023931181823809905e-02
6.360172785479917268e-02
6.529595615373595674e-02
6.649492648319882404e-02
6.353457089573262551e-02
6.020018278813033669e-02
5.378506520111279998e-02
6.290949920890535896e-02
6.991751483809417744e-02
6.704434452821078638e-02
6.192892764569035702e-02
6.147632143021133228e-02
6.024063889325688426e-02
6.171750882584934456e-02
5.908504029534068780e-02
5.888739566035493256e-02
6.010551686573306629e-02
5.599353908594498219e-02
5.847566873290713924e-02
5.817352604108631114e-02
5.092716563634284294e-02
5.127951583650964401e-02
6.606594003517293756e-02
5.849395787245025707e-02
5.599798873220234591e-02
6.043163098347672374e-02
4.476278925746027954e-02
6.152086767691496844e-02
6.155432587288843516e-02
5.936127788738156108e-02
5.599055702147490848e-02
6.548553842272854253e-02
6.260397819716508050e-02
6.168207641596946261e-02
5.171543489480145278e-02
5.951366039844200456e-02
6.655741626946407030e-02
6.041231718466475581e-02
5.662009194975103216e-02
5.522107410390170168e-02
6.204936193056755783e-02
6.148584544170994370e-02
6.521207879323878687e-02
7.316565991859917684e-02
5.495482694519834149e-02
6.301764807334617191e-02
5.990420908719268356e-02
3.318845850097736777e-02
6.316799524217935058e-02
6.063444345589654588e-02
6.068633475400832950e-02
6.152141130288093368e-02
5.776625869222468124e-02
5.689641355301992137e-02
6.421293537906193338e-02
5.962146481976574042e-02
5.906174994478569085e-02
5.739591103866193561e-02
4.507621665865992056e-02
5.951682805189326131e-02
6.276431254882246236e-02
7.347721552421059010e-02
6.190257375728851208e-02
3.615137614555388040e-02
6.787893265490550776e-02
6.661595836149057648e-02
5.873781712790657888e-02
6.173429831341275403e-02
6.080287866000808755e-02
6.672993569783210177e-02
6.037273251832826759e-02
7.041337026857953652e-02
6.608392970333271110e-02
6.204011480602909107e-02
6.162783847798305320e-02
6.062227483287391944e-02
5.877736800126447808e-02
6.250020568088238138e-02
5.510164623608790335e-02
6.207963234958172732e-02
5.667511563232337235e-02
6.021464259429601396e-02
6.119757891878919998e-02
6.119684919916905386e-02
6.765036500846000056e-02
5.925559461255543864e-02
6.038360430575450549e-02
7.313378385658117486e-02
5.558074289575403587e-02
6.145094122706590278e-02
5.777075449011602470e-02
5.419838367620798125e-02
6.278082863998038499e-02
5.591998867365907677e-02
5.654400206536983747e-02
6.852002659225667203e-02
5.944019915115720393e-02
7.166462821128639915e-02
4.847140013813311388e-02
7.064565112491527632e-02
6.167493179343298826e-02
6.019597358692564681e-02
5.968174923295055390e-02
6.459595289646907768e-02
6.112721699895943411e-02
6.025959381047283486e-02
6.991750779779939973e-02
6.139067235949529494e-02
5.489716854151768799e-02
6.170313982093838384e-02
6.647746724963086995e-02
4.520198273748927270e-02
6.351431485403576105e-02
5.028184301138736989e-02
6.516001648361276211e-02
4.863065181108169877e-02
5.539227619952057091e-02
6.172602805472501841e-02
3.556151994695014307e-02
5.353772736592448539e-02
6.211177628154599534e-02
6.063199186477023078e-02
6.086962870289077537e-02
5.425583790078947199e-02
6.489252929864948449e-02
6.533471105235026666e-02
6.245111128819495760e-02
7.894589770205473478e-02
6.426678469698551832e-02
6.064652430188504501e-02
5.420613564771849247e-02
6.583438157031534788e-02
5.766554635556235542e-02
5.415393862510800571e-02
5.749464256029569731e-02
7.623093656674043150e-02
5.348809099006232581e-02
6.344676698672052639e-02
6.096146567126840138e-02
6.124771506424968315e-02
6.114484211446018919e-02
4.234341030473920409e-02
6.754021560430172044e-02
6.579156396066246359e-02
6.438846667865293083e-02
5.574509099916808569e-02
6.292242126924658951e-02
6.220859369484023349e-02
6.294999680304751155e-02
6.191878863010499140e-02
6.385969772206251394e-02
5.758843673843026117e-02
4.774018764241953761e-02
5.847064800332362616e-02
6.507119457295408582e-02
6.393269037640020303e-02
6.137415954087999115e-02
6.553777187197640242e-02
5.981259858025243098e-02
6.163114431217461137e-02
7.010906536519748156e-02
6.132691818048387200e-02
5.888097846361146220e-02
5.894218198605551823e-02
6.155881806050817612e-02
5.871857926582473713e-02
5.827846599712249720e-02
6.791136410509227006e-02
5.758942098613473171e-02
7.534277131124875182e-02
6.070878066780191484e-02
5.627661675943830544e-02
5.165569966725391121e-02
5.544668357391415586e-02
6.084297535585450611e-02
5.824028490409527414e-02
6.486362256714814367e-02
5.459920049347381787e-02
6.170119075833539052e-02
4.470243321071650650e-02
5.933596746881587142e-02
6.373513300983886520e-02
6.175395054239241760e-02
6.175920008785518167e-02
6.478893398388639591e-02
6.166430211373562925e-02
5.793126904862747062e-02
6.151093145954403957e-02
6.507835914801342325e-02
6.227689957828001777e-02
7.201260455427577201e-02
6.152878545447983127e-02
5.741740835672731746e-02
6.297393977677798182e-02
6.270670245591838943e-02
7.810701924057655843e-02
6.414298373619052585e-02
6.151381267921619128e-02
6.133670538179582243e-02
5.920545613352033720e-02
3.828986031903619525e-02
6.092389273594186333e-02
6.098195684943422817e-02
6.117396611186727562e-02
6.176886898408676108e-02
6.770120049060088241e-02
5.587261930981431146e-02
6.291635358281676138e-02
5.200265798049965443e-02
6.293906363047603592e-02
6.415049125468057223e-02
6.248395332786157996e-02
5.003659057655501091e-02
6.044295897422312380e-02
5.973213366950001074e-02
6.273478056126195745e-02
6.416167294180936953e-02
5.677037315548508906e-02
6.280708429331480214e-02
6.927972781523140944e-02
5.981214774195078160e-02
7.406145916232878545e-02
6.002294659919161363e-02
3.840954893174407941e-02
6.045847744769654308e-02
5.793573645543241557e-02
6.542686867665375994e-02
6.145114399503484592e-02
6.330098557064145481e-02
6.151063549173794304e-02
6.339092655968793510e-02
6.170311374149423794e-02
6.314806204478222440e-02
6.995448264248046999e-02
6.334919219093605725e-02
6.064567393099416781e-02
5.961682329243760819e-02
5.515914327641344150e-02
5.314051807415776790e-02
6.166231496447577287e-02
7.086856523231305216e-02
6.881601093596741159e-02
5.638917304942871189e-02
6.276331763905190764e-02
6.987585509338242740e-02
6.230550684199137601e-02
7.699078289393335162e-02
6.274895464915221377e-02
7.140479352532057289e-02
6.057483561258100030e-02
5.983386605349719223e-02
6.200317217472617326e-02
6.341765967423212969e-02
6.071435141304983019e-02
5.633260044609844641e-02
6.018576216355282782e-02
5.733373651009121552e-02
6.429310670318971743e-02
5.619161654741248318e-02
6.961119214286164147e-02
6.091353922027568230e-02
6.874962735556199023e-02
5.984011167657688618e-02
6.270129009531696940e-02
6.187531632571551671e-02
6.096111625963799435e-02
6.332419825688634374e-02
6.622471598890017352e-02
5.126009573852450402e-02
4.962853815250084510e-02
6.666067578239641411e-02
6.197617036880401914e-02
5.903612371563166095e-02
6.249014771754415887e-02
6.200329079744628519e-02
6.685096541420974814e-02
6.146728904779576175e-02
6.091772633057582209e-02
6.808997615408932114e-02
6.465568740664474900e-02
5.773822063321085857e-02
6.463837020950509438e-02
7.578318485313498276e-02
6.330797202420553049e-02
5.664546204052618716e-02
5.709324175622505770e-02
6.003076320036437874e-02
6.245721299339408727e-02
6.162644109808695231e-02
6.304257898406646909e-02
6.754645135522829857e-02
6.374559305470581250e-02
5.950519008250285125e-02
6.286383994449623591e-02
6.034212634669725711e-02
3.211065003737177681e-02
6.115299735606233994e-02
6.062553352313247018e-02
6.126940341343210805e-02
7.661010880159153935e-02
4.868185272420908621e-02
6.599893138205874255e-02
6.093866606358371713e-02
6.038936399117215276e-02
6.181036244018576348e-02
4.427711528933390983e-02
6.418838539722940273e-02
6.046500491196814958e-02
6.204781740446926180e-02
6.086125922475808803e-02
6.155145817612842074e-02
5.995614975771432903e-02
6.099788585414604031e-02
4.646020456542425403e-02
6.151350061732337171e-02
5.977538573322622312e-02
2.562421868957448154e-02
6.271050602377235828e-02
5.137668474309955297e-02
6.029195928950559225e-02
6.043976285975586477e-02
6.200986228304966597e-02
6.720512541814167851e-02
6.131171247250403328e-02
5.280068045146480565e-02
5.935005776381095666e-02
6.166466968049590797e-02
6.218100528243401814e-02
6.230285306611250962e-02
6.110303217776448526e-02
6.660482712331126931e-02
5.921827761874100954e-02
5.952666943029352037e-02
6.152882877105005782e-02
6.180389615148847160e-02
7.168699807876094399e-02
6.107652633621418747e-02
6.131767649779805429e-02
6.174165592265535435e-02
6.596415241596570445e-02
5.514096719959319520e-02
6.239258772076854836e-02
6.203066715830265337e-02
5.538244208426573723e-02
6.325532107160505846e-02
7.268498857238969713e-02
4.704847026098282758e-02
6.928479123153602481e-02
6.117293552092184505e-02
6.052864787039160394e-02
5.685190910699640388e-02
6.458772461704424817e-02
4.528184891671650086e-02
6.124365362177641714e-02
7.279665057578470211e-02
6.373759712820013801e-02
5.237033132443775357e-02
6.148436422024165793e-02
5.414676618676009939e-02
6.681276201851679697e-02
6.675328587048522111e-02
5.926598945676427727e-02
5.610768764702557532e-02
5.952665601303400861e-02
6.110223236406409075e-02
6.173876011211692355e-02
6.205117307897824175e-02
7.421828970020608041e-02
5.969722792762507252e-02
6.272703923725288233e-02
5.957753728815175231e-02
6.450664229384474313e-02
6.188440147494544269e-02
5.536379435367085045e-02
6.175774681452284032e-02
5.901630938881220062e-02
7.335079496282802258e-02
4.951564808107398324e-02
5.942859622537812608e-02
6.456493231957310952e-02
6.183339594893975943e-02
6.197047115452976318e-02
5.380243646576238215e-02
6.413726117001099236e-02
6.716759931858751198e-02
6.749553350730776169e-02
6.031945641914840395e-02
6.037081577988807207e-02
5.276031348097865586e-02
4.961401314577190691e-02
5.687666027225174448e-02
5.920883625781685200e-02
5.802268150566717436e-02
6.188449735935184354e-02
6.418895902520578567e-02
6.392476868159426007e-02
5.004162782718957203e-02
6.410156379925269210e-02
6.165663233313482816e-02
5.718720038344970308e-02
4.549050638434173899e-02
6.387816790762140817e-02
6.445291932302971150e-02
6.585863406549297139e-02
5.494908522773517268e-02
5.094425336077219868e-02
6.127636049257183942e-02
6.572900925593103127e-02
5.989709593490054329e-02
6.391221182797077183e-02
6.223398618858012876e-02
5.830291843819826458e-02
5.497953890870369009e-02
5.783048411429942554e-02
6.192479484705341874e-02
6.025318693761426425e-02
6.556487825527194946e-02
5.974571511093571680e-02
5.539568108238115268e-02
6.121674701913982358e-02
6.635996469660369879e-02
6.980936491989554737e-02
6.351831666986747227e-02
4.149652720859247496e-02
6.142861399576275000e-02
6.129926115475674980e-02
5.627722178670619552e-02
6.407688087222737638e-02
5.416326403019883912e-02
