2.428898458720097492e-02
2.782491360056833091e-02
3.005686655916352604e-02
2.384880819329319307e-02
2.558276434894224058e-02
2.681958755058150637e-02
2.098209233873263649e-02
2.670094985584667638e-02
2.550246926823756741e-02
4.010522746473482725e-02
2.740364770632849889e-02
2.461602679225286319e-02
2.655844202324840822e-02
1.697893766513158473e-02
2.933725876709926753e-02
2.849837179666539488e-02
2.623724973449368184e-02
2.373854142435399481e-02
3.268956948654824085e-02
2.634861920671063146e-02
1.156587080460238018e-02
2.554609747875863715e-02
1.671133168591873094e-02
1.943461947997979222e-02
2.580179565283108323e-02
2.568420987016761109e-02
2.259820304647608760e-02
2.831278378666089723e-02
3.114788263267341539e-02
2.741476546612656162e-02
2.666193604197455297e-02
2.546628683181170402e-02
1.933184623906865698e-02
3.177781011795702271e-02
2.764320487091818934e-02
2.664425410688500695e-02
2.433081312295631501e-02
2.744074725899759218e-02
3.819888907491844621e-02
1.117961533399259612e-02
1.660194869119274372e-02
2.681947363323468336e-02
3.707230217050912213e-02
3.504186558742124202e-02
1.820274188581925273e-02
2.646387113646626876e-02
2.398341013437504596e-02
2.589339242919543038e-02
2.701374423446419384e-02
1.479812819789238197e-02
2.690125599810054557e-02
3.087691842297870734e-02
2.343916813836025709e-02
2.636203610917100398e-02
1.506044125194512528e-02
1.374697291364372631e-02
2.328629898107406962e-02
3.261796446016644591e-02
2.786954988598280489e-02
3.592414926110495260e-02
2.475637915200270059e-02
2.477792536664838799e-02
3.780895557909561000e-02
2.104985282515536849e-02
2.101343490624255420e-02
2.744240849482340247e-02
2.564731146175282944e-02
2.541645877574628606e-02
3.297678017092443153e-02
2.869991941218412793e-02
3.785529994299925705e-02
2.605640622559469641e-02
2.226595990765761410e-02
2.480560162668061022e-02
2.785801812735986052e-02
2.291523010884418537e-02
2.701950527920668130e-02
3.059623503512668916e-02
2.433080886371762064e-02
2.548175861890695712e-02
2.770413324061930457e-02
2.278388424945820834e-02
2.720625278826310084e-02
2.809724461262447931e-02
1.648612541471289675e-02
2.513292217107275864e-02
2.748839802726776513e-02
2.998813887962546720e-02
2.485405815665327894e-02
1.947872069237857606e-02
2.149730293082571797e-02
2.313363501772921008e-02
2.969282173325557550e-02
2.659800076678014297e-02
2.603562286218288196e-02
2.640086908322398021e-02
2.579766048395580602e-02
2.645700925327209782e-02
2.751015983685591026e-02
2.413401799314461929e-02
4.207177673400489676e-02
2.684879840112900512e-02
2.695991808971004086e-02
2.585891932281576128e-02
3.367552522427688655e-02
5.114217673269154385e-02
2.521837704971048241e-02
3.519596145314197316e-02
2.025951773042947157e-02
2.724592869490947283e-02
2.235828062526217311e-02
3.490735805380374562e-02
3.298763828195251657e-02
3.600656230478286451e-02
2.350511421190487962e-02
2.891719550356815910e-02
2.555453720653637351e-02
2.498817784859697425e-02
3.623436299746859296e-02
3.087040910813993941e-02
2.808922379423716559e-02
2.601259330824071125e-02
2.606439828987143145e-02
2.594702360092836571e-02
2.056585259538547955e-02
1.451490148119031175e-02
3.008240561736423915e-02
1.977568372798986507e-02
2.576052703777217262e-02
2.766171075549004807e-02
2.631271442316001838e-02
1.436753721825425288e-02
2.852093658686970581e-02
2.760356997464168821e-02
3.461860661992875038e-02
2.491387300469716931e-02
3.039148781209352959e-02
2.238018153897084264e-02
2.895722419012670620e-02
2.476080791541203016e-02
3.098510186447227949e-02
2.857714474802272586e-02
2.702440276132853439e-02
3.162408697397962182e-02
3.223248668869299616e-02
3.162285365281836819e-02
2.609174976770680526e-02
2.956605918436693015e-02
3.072252755980775518e-02
2.569010792291253481e-02
2.655306402069275776e-02
3.153273633767306877e-02
2.100663110130490674e-02
2.758228046951044857e-02
1.383591986901614411e-02
2.027291399513988721e-02
2.587634596425250275e-02
3.487882931231392480e-02
2.913961243050568195e-02
3.214453565417420278e-02
2.786467983595330294e-02
1.905319176300900030e-02
2.498920372634647405e-02
2.718474981679639899e-02
2.041919377483309220e-02
2.791147522970864950e-02
2.942372212521614239e-02
2.946395492694021609e-02
2.466516912554821833e-02
2.739774085797873002e-02
1.972010782509670337e-02
2.558834183540509635e-02
2.691025781368897724e-02
2.122674285356227972e-02
2.533013606381647603e-02
2.536247173578515951e-02
2.201156207371999379e-02
2.519948204175235726e-02
2.865998656846377793e-02
3.766156382003971181e-02
2.644067940074202108e-02
2.650007891299736504e-02
2.737374043178512906e-02
2.259545089094677425e-02
2.399556599310293317e-02
2.675931230470341912e-02
2.485673302108706503e-02
3.026600109708839706e-02
2.851328769648021205e-02
2.804474241414713076e-02
3.094016407093232515e-02
2.624671646831044924e-02
2.616155008227253470e-02
2.564657647009495334e-02
2.435594932812002941e-02
2.441258077911706570e-02
3.419356022774202447e-02
2.184367778528494702e-02
2.462108534747589617e-02
2.328197444442026837e-02
3.832205072736178525e-02
2.633487264679225046e-02
2.873858798408170795e-02
1.364869298393116964e-02
2.725386166791506776e-02
3.007282660040163855e-02
2.127306979219815292e-02
1.943903964860685396e-02
3.230376629465663008e-02
2.644536479614377142e-02
2.666099447484806401e-02
1.147985691501647934e-02
2.742227295356383307e-02
2.231937685930037926e-02
1.961223998726186260e-02
1.737692447412643795e-02
2.152171421658528178e-02
2.498569397066563447e-02
3.419587933685886566e-02
2.446909961842120770e-02
2.545978082502363404e-02
2.351767472508570558e-02
1.894711508327704894e-02
2.658667739848734682e-02
3.566750523614687501e-02
2.744755267767881937e-02
2.539469210081926956e-02
2.561747826015325219e-02
1.774663662991926572e-02
3.069599642708609882e-02
2.657490198118536359e-02
2.634558714560940318e-02
2.601536019086653564e-02
3.352334612037879275e-02
2.219732918869633809e-02
2.552857092405352857e-02
2.572582755915429203e-02
2.207058171114088807e-02
2.878654687300720438e-02
3.693538877002065790e-02
1.946928012596961521e-02
2.576068773959701644e-02
2.687705589199891262e-02
2.223255324925606236e-02
3.055087758075370266e-02
2.831662162054535484e-02
2.940187912073822032e-02
2.635665598586816802e-02
3.011910654894756761e-02
2.703205508355527656e-02
2.694670195518016759e-02
2.515812400367193474e-02
2.654854634413602796e-02
2.436818613524357677e-02
2.578666016960601270e-02
1.718556759763236602e-02
2.346803821627490780e-02
1.561013227575674261e-02
2.474694042912920292e-02
3.692327842512388436e-02
2.418311515079367771e-02
1.636550057453796392e-02
3.516197165220991128e-02
1.617111073631632978e-02
1.559111486488327925e-02
2.961393314413345371e-02
2.497636334013133425e-02
2.538600009436664182e-02
3.108978572894844153e-02
2.999179041021124079e-02
1.950135136337894509e-02
2.545300018857863875e-02
2.449807774379375927e-02
2.614315913041143774e-02
2.981089567804409701e-02
1.754267617231145687e-02
2.911544455614185206e-02
2.569671516956554408e-02
3.112299819389128738e-02
2.575958438173243589e-02
2.292350176203514570e-02
2.648671315468378515e-02
2.865453472266310184e-02
2.601455418978852394e-02
2.531472276629639223e-02
2.508791550207864832e-02
2.627226111121172547e-02
2.508624532023660467e-02
1.412859197728447667e-02
2.577350814371016582e-02
2.506930852426332915e-02
3.204411535778011605e-02
2.914587547831663447e-02
3.950974493713698549e-02
2.872168679467930821e-02
2.893174689893832779e-02
2.473357742375474969e-02
2.396382026094702467e-02
2.235294830285821169e-02
2.297551402187329034e-02
2.038350811527206777e-02
2.603199693513995674e-02
3.058558534074650587e-02
1.620027852261435655e-02
1.968542170439043643e-02
2.027014654089035958e-02
2.725165812677056085e-02
1.192146575732026120e-02
5.007003847084667836e-02
2.656382828742440833e-02
3.029993143008227058e-02
1.941860478360812881e-02
1.909397346190200642e-02
3.039909903568300056e-02
1.043448110939278542e-02
1.422997737201886666e-02
3.930005437763102460e-02
1.351064978880201460e-02
2.470947982969445497e-02
2.819426018969634073e-02
2.910039756747502537e-02
1.689382367646997604e-02
3.157143171761982864e-02
2.454443248352325066e-02
3.084670236733039195e-02
1.881368106175998478e-02
2.508612198115547920e-02
3.107052651337807031e-02
3.203236908582586528e-02
2.047144488501684637e-02
1.803438829756362147e-02
2.794572761479845180e-02
2.561812326109971436e-02
3.707074546772858720e-02
3.053970112400062123e-02
2.587230287359345085e-02
2.606953307873795950e-02
2.679631954220435680e-02
3.052967568100211845e-02
2.577771797536654308e-02
2.985881120245476722e-02
2.547522725341451813e-02
1.617442416348102013e-02
3.240436394460748104e-02
5.798009206873782490e-02
2.317864266234779050e-02
2.758328343457200002e-02
2.600868742628241470e-02
2.711791984604641423e-02
2.734835234684925356e-02
3.033689065487326156e-02
2.762814876596325978e-02
2.480576843189763458e-02
3.089886019393915662e-02
2.109997111632113190e-02
2.562735471820128813e-02
3.228139215200260398e-02
2.211855149206391757e-02
2.697442924097606318e-02
2.642486886472040011e-02
3.750948814874024290e-02
3.000534215879328490e-02
2.755390596176731169e-02
2.432351528946610428e-02
2.533343438415851245e-02
2.337283886707759717e-02
2.486237566641241389e-02
2.450684782525028652e-02
2.813552437091145983e-02
2.603599832756625654e-02
2.977729770225766640e-02
2.313776820217510952e-02
2.472828800100253244e-02
2.089105597435737816e-02
3.094774894433708831e-02
3.086929372604528890e-02
2.047508026696069627e-02
2.699408718055562942e-02
2.129302323803576938e-02
2.838230485306363418e-02
2.637697099378345442e-02
3.994850112056431979e-02
1.649163015122595208e-02
2.364662719456681744e-02
2.309777737350302007e-02
2.733350600350077306e-02
2.396883573655176139e-02
2.957493238259531129e-02
2.433327799298343891e-02
1.326725551465770397e-02
2.216815889917324311e-02
2.988486400365002182e-02
2.277634603092377683e-02
2.180018807836399397e-02
2.782979125200537099e-02
2.999429825127110372e-02
2.079712369149933418e-02
3.667963503501543709e-02
2.914836311278537137e-02
2.385727325342921687e-02
2.337220932804265350e-02
2.344428352112391811e-02
2.889093112672615551e-02
1.552152092597535761e-02
2.591978012437459386e-02
2.816098100244545516e-02
2.449398081270034999e-02
3.477190015992746158e-02
2.557843528128064120e-02
2.654455665190414565e-02
1.481747510649955926e-02
1.845160714852510375e-02
2.615928893362137395e-02
2.402580994598061889e-02
3.438038261619306285e-02
3.214913611179137654e-02
2.927829785991677841e-02
3.329466697694012656e-02
2.774490509394623994e-02
2.929514249105931445e-02
2.510291437969125114e-02
2.839238112224885813e-02
2.153098471064175332e-02
3.118748894932123553e-02
2.097280825969482024e-02
2.628275322616665383e-02
2.550100390583170951e-02
2.584996542649299622e-02
1.954003787459609662e-02
2.228624159815539157e-02
2.128071969825499204e-02
2.343009711477401710e-02
2.698733996842373958e-02
3.298320511036704344e-02
1.149317868710420139e-02
2.360245150518418614e-02
2.541974308229113036e-02
2.815889733750825616e-02
2.479080030017102171e-02
3.606462483083572312e-02
2.347978767550327334e-02
3.340100308330457707e-02
3.031986351001990723e-02
2.471440098987564074e-02
2.685413753942613932e-02
2.605642937502287287e-02
2.608736081728255454e-02
2.161511559919354966e-02
2.953565797133169898e-02
2.821052491616199073e-02
3.414171829920953360e-02
2.518959995009296612e-02
2.998131018096150679e-02
2.810339770445289403e-02
1.303608679757820715e-02
3.439409757619816405e-02
3.555157163264703601e-02
1.949011131226463869e-02
2.957110233101198707e-02
3.490748767046310957e-02
2.663410406985976600e-02
2.997475507302090753e-02
2.783488491846018362e-02
2.270641118806055250e-02
2.616038378659454530e-02
2.677828692443541547e-02
2.451342326876512420e-02
2.587873930062355513e-02
2.293715973016506940e-02
2.429291936820494879e-02
8.685723019552568994e-03
2.255454710217721578e-02
2.524533834464486037e-02
2.339658182998990629e-02
2.909734521000746296e-02
3.326703505042766934e-02
1.588585718254857670e-02
2.542676428918558620e-02
2.245219102664042579e-02
1.345823885842963030e-02
2.802132397478689085e-02
2.017704123928922358e-02
2.288886048494403330e-02
3.452350495390248131e-02
2.385840402290453563e-02
2.386203406555581150e-02
2.840925885982766019e-02
1.227095347073937567e-02
2.604686297359846622e-02
2.855147280345458546e-02
2.327579750321896734e-02
2.454906571313461919e-02
1.775254393519724860e-02
2.181730839408290920e-02
2.507938224533727556e-02
2.692622942994537388e-02
2.263749255325454152e-02
2.702644807345635711e-02
3.598655073863857995e-02
2.599898628446352389e-02
2.511347834806405832e-02
4.072421698378084903e-02
3.281779163323412379e-02
2.606045104835004803e-02
3.380363890640789015e-02
2.734792758354890815e-02
3.421063223451729224e-02
2.143300530433278964e-02
2.938831512532937007e-02
2.471061211667973170e-02
3.054232157007111606e-02
2.537140614025538976e-02
2.601232923592157464e-02
2.159833373039839882e-02
2.427652323001830079e-02
1.690238511858433920e-02
2.600086345340829261e-02
2.856715886053586007e-02
2.533731922386780328e-02
2.620293620537259005e-02
2.939919798779011550e-02
1.716267160153430241e-02
2.218758563552234581e-02
2.607008529608190878e-02
1.328790729154720289e-02
2.589621584730316534e-02
2.549919762363894379e-02
2.742112891076250308e-02
2.978510283766724193e-02
2.377425123943071802e-02
2.147903864390368969e-02
2.605698956208206407e-02
2.888062436188927259e-02
3.382006976222302203e-02
3.128860488293794262e-02
3.139889328985043249e-02
2.904105517190094798e-02
2.415851436119922230e-02
2.889303922096559535e-02
2.438869046985451400e-02
2.648394380342676546e-02
1.007027879249937537e-02
2.922607860358328313e-02
3.030353668704819856e-02
3.040043420036128707e-02
2.609106024322913400e-02
2.872604202531249887e-02
2.484652667237437912e-02
2.683575868152904623e-02
2.309191892445846064e-02
1.693439782959413678e-02
2.515075216421448073e-02
2.139075550833417078e-02
2.142669808219879388e-02
3.023465681571314498e-02
2.556333949369542918e-02
2.430450122592634626e-02
3.298895192168452284e-02
2.284213014429684746e-02
2.810964516042921066e-02
2.448296006611232548e-02
2.632327831473603788e-02
2.526956380880159697e-02
2.623486610741409403e-02
2.433470336789797170e-02
3.131098562656998291e-02
2.693511095552597254e-02
2.742765967969945651e-02
2.541209206121501987e-02
2.301685497855977466e-02
2.425786010033478823e-02
2.484422388697432246e-02
2.568965296319424343e-02
2.419901361991459027e-02
2.629064839381314161e-02
3.599113009480705422e-02
2.288503292794492536e-02
2.732789213342054838e-02
3.432402950280979276e-02
2.633496893194362323e-02
2.466213348047738285e-02
2.567014627553803122e-02
2.889483880359785054e-02
2.518418459673221754e-02
2.331508087037686278e-02
2.369323972938249326e-02
3.059268334681052026e-02
3.351488496699132902e-02
2.525719448616465038e-02
3.892833667578447787e-02
2.536592869117347895e-02
3.702949596583354763e-02
2.730447417995318649e-02
2.522671767557807532e-02
2.952943842443886066e-02
2.687103234955607808e-02
2.136927049902220127e-02
2.798333262898821880e-02
1.808545991079886853e-02
1.886419105858801876e-02
1.831383600134277659e-02
2.273009209540058362e-02
2.580089442688399820e-02
2.869679143362799043e-02
2.782580397197283173e-02
2.387727544717323236e-02
2.014623435144092048e-02
2.776903299665074015e-02
2.813781898222739858e-02
2.598890596684000701e-02
2.219380597826540666e-02
2.354305664406684123e-02
2.127787856684961940e-02
2.770238603691317289e-02
2.606061101215733852e-02
2.563030423377180358e-02
2.605868961824748739e-02
2.699547096606024973e-02
1.822385314458240674e-02
2.540309243500908642e-02
2.482657719006229474e-02
2.227377105045292779e-02
3.067662768280990035e-02
2.630086736411140283e-02
2.016397275452220736e-02
2.641355558067173120e-02
2.110013500176930595e-02
3.290072605706542697e-02
2.436020694669256345e-02
2.679505721361839093e-02
1.122014453424985229e-02
2.973705152434326718e-02
2.692057507177230899e-02
2.266528932648952804e-02
2.439541176351264079e-02
2.630943963637535216e-02
2.852744000674477948e-02
2.815407551183142856e-02
2.699218330341935160e-02
1.402408604921083837e-02
2.875809793033434064e-02
2.825089116788591023e-02
2.868939458519562807e-02
2.586077764084612762e-02
2.623000572021277552e-02
2.546097129255444833e-02
2.289959253821578777e-02
2.640022028267804619e-02
1.196996173090776952e-02
2.616244305658370697e-02
4.780522049524459083e-02
3.056671845878963095e-02
1.300291523759942829e-02
2.536551796261327096e-02
3.547252346718814120e-02
2.461796333052607838e-02
1.882797943964591852e-02
1.461224876056087252e-02
3.331164554994434784e-02
2.604521848982066512e-02
2.437612662565500146e-02
2.726845152849494830e-02
2.907294165267846134e-02
2.647242698560098306e-02
3.754570048219305761e-02
1.730213369835606127e-02
1.502084402277369980e-02
2.473495020786724979e-02
2.644837293161081057e-02
2.885954356005365068e-02
1.998603572718862798e-02
2.646352256047200882e-02
2.313392456788320242e-02
2.335673097256200231e-02
2.027402610513868650e-02
3.128936460842391548e-02
2.199531924584461132e-02
3.223698625450654998e-02
4.273922930025948058e-02
2.081825707155482083e-02
1.795550904068226802e-02
2.180972889211410179e-02
1.989675642079742623e-02
2.747751747485223384e-02
2.269555588137997168e-02
2.088481892432621570e-02
2.216524853743956358e-02
2.539099309908699267e-02
2.604634406051889103e-02
3.445692256897294609e-02
1.789895805782910215e-02
3.451137244516218339e-02
2.672741824245462861e-02
2.330169846318288357e-02
2.030822825691815103e-02
2.065967446934342464e-02
3.592975802705898614e-02
2.537215350043850112e-02
2.877281963014390043e-02
2.290460937055997792e-02
2.126433598844134146e-02
1.744402804643943247e-02
1.493541157152150287e-02
2.967497635590481131e-02
2.278192739598849242e-02
2.342246801638498202e-02
2.631791120929084446e-02
2.441867981530141535e-02
2.791779365444451572e-02
1.442014934533295684e-02
3.284938737701279671e-02
2.497489274077841631e-02
2.455277753259527476e-02
2.688065654801271437e-02
2.816535829622865070e-02
4.525682783506384393e-02
1.889249946653329473e-02
1.834651270785561672e-02
2.608772961193304638e-02
2.107168931794320410e-02
1.013544144222062668e-02
3.321544859249651871e-02
2.599161422670636518e-02
3.163809509202410164e-02
2.352358108989021854e-02
2.923112980555397922e-02
3.698212668133011444e-02
1.729690853255768171e-02
2.433049169674595530e-02
4.260752955609563991e-02
3.013100292754443063e-02
2.051777443641420590e-02
2.251621039480831976e-02
2.640115664913892865e-02
2.758854398332921676e-02
2.442714935700725926e-02
2.562712573667251872e-02
3.983270456973038443e-02
1.902355145371571743e-02
2.740007090845823085e-02
2.536169085118009439e-02
2.449354027293178249e-02
9.980405328445993846e-03
2.976608186992815014e-02
2.608808391192008608e-02
2.717806976481061329e-02
2.285071686372318334e-02
2.562086396246739464e-02
2.079144732437417445e-02
3.035923211687261911e-02
2.763949083981706231e-02
3.283098711015888793e-02
2.311677816594272933e-02
2.572575963792807577e-02
2.364415692853579984e-02
2.906726532813844188e-02
1.111078916294981275e-02
2.196224813107048451e-02
2.611264303906284806e-02
2.504778140976965384e-02
1.390251992027630688e-02
2.652430346355714660e-02
2.140853536836556312e-02
2.524382918584260407e-02
1.409275544560973509e-02
2.922712956182783525e-02
2.674621465674894769e-02
1.064450152049934220e-02
2.727894529167807294e-02
2.054353299163300117e-02
2.674313527048030603e-02
2.987803961427817206e-02
1.935053170594346755e-02
3.463219263072816329e-02
2.618211088115104598e-02
2.938303113413101922e-02
2.541912319694177025e-02
2.633325651336501996e-02
2.409376579439922658e-02
2.722703369250050257e-02
2.722302608302134760e-02
3.148451242607717970e-02
3.426319074896751193e-02
2.576208796952382529e-02
1.799200171939331280e-02
3.383436639201314877e-02
3.610847305311180172e-02
1.296886262882033895e-02
2.641186925425315773e-02
2.340391068770329361e-02
3.526711496743190760e-02
2.217350703179270938e-02
2.590472954378570530e-02
2.416954249672150640e-02
2.271700690676737439e-02
2.522099426171793904e-02
2.636246027771567066e-02
1.847446735486803909e-02
3.027731052374265514e-02
2.007802730144219588e-02
2.646105218922280636e-02
3.907885208635331065e-02
2.804832772470223362e-02
1.643054031316816543e-02
4.217381962684564611e-02
2.787759940565738559e-02
1.477298113466834519e-02
2.724984110941301024e-02
2.828196677540499929e-02
2.807736649346237109e-02
2.269573853379083794e-02
2.702747178056270211e-02
1.722486099029824080e-02
1.989149581747579054e-02
2.405109581467584912e-02
1.321039964815504293e-02
2.433326908229644855e-02
2.370325758905108410e-02
2.586954158073010920e-02
2.179892199906869471e-02
3.127678567491559009e-02
2.187910691901198690e-02
2.596911568807006021e-02
2.056973493131867073e-02
2.563750903158784622e-02
2.628794261402529059e-02
2.564528379808740655e-02
2.474515473862931234e-02
2.357213281048487277e-02
2.593960260608037596e-02
3.515347040296219749e-02
2.206169330839766532e-02
2.220340796325931745e-02
1.985403198092196286e-02
4.117473116742062511e-02
2.505633856418809646e-02
2.531912601148464392e-02
1.313248093572720945e-02
4.047310776335815569e-02
2.655010099572415599e-02
2.608602527320259129e-02
2.883506542415293500e-02
2.920646761533291294e-02
2.593754972688891089e-02
2.496032791211982502e-02
6.374616223653235825e-02
2.634497625964255310e-02
2.684377434004702259e-02
3.030025436345093817e-02
1.965081199906909201e-02
2.606822008734217475e-02
2.567524910466645327e-02
3.008050896881510339e-02
2.659853556321721893e-02
2.778734968350407217e-02
2.901309051730573477e-02
1.834035420131797933e-02
2.474563128080839447e-02
3.058101424507221611e-02
2.707442686429682374e-02
3.688450533047290397e-02
2.675152237068805991e-02
1.260355748552688393e-02
2.010274234416705233e-02
2.184588686465432916e-02
2.788195691224474096e-02
2.061115956891423212e-02
3.065425406691918778e-02
4.158151363077790263e-02
2.902122445664675338e-02
2.756673118319627469e-02
2.422264942959976783e-02
2.670924898783192183e-02
2.511871753337696980e-02
2.795726654781898954e-02
3.098140823372476718e-02
1.373615077653992864e-02
2.836380622576800334e-02
2.297839399497371773e-02
4.085052520389013953e-02
3.567226657123696160e-02
3.385544529929222085e-02
3.256036552062802070e-02
2.587958847411665417e-02
2.315984766419757618e-02
1.483633843427615596e-02
3.665265984386830572e-02
2.190581993045529613e-02
2.225204169854133607e-02
2.639431500341121034e-02
2.788788583247276895e-02
1.997557684874961409e-02
2.096148979951415262e-02
2.408153782170338944e-02
3.790331411335002426e-02
2.658059369397187260e-02
2.596692925653085529e-02
2.623300681998581504e-02
2.708742810642575383e-02
1.912614045821286329e-02
2.572587585785408512e-02
1.721639147602633049e-02
5.882457104195069203e-02
2.738160904323145434e-02
2.606324697958301712e-02
2.255724691360934051e-02
2.604438601445404830e-02
3.048795396363217225e-02
2.353381251516343045e-02
2.718708782225212270e-02
2.867457982290817775e-02
1.816570243788827310e-02
3.079804422290337990e-02
2.567195024666970443e-02
2.726974776263140984e-02
2.316607194050566282e-02
2.959696015572372760e-02
2.601016676220527929e-02
2.787976089489463752e-02
1.751964981653522657e-02
2.564376655768651689e-02
3.004742471784375979e-02
4.527465378673750651e-02
2.034495895173209223e-02
2.377499999538761760e-02
2.894491529597770230e-02
2.557525911106069139e-02
2.291795191842991436e-02
2.501705175244190935e-02
2.441169926891095104e-02
1.495610936350652738e-02
2.697012287197663935e-02
2.489040006332576827e-02
2.565825499944203100e-02
2.317744231465579050e-02
2.523802492077639043e-02
2.266073854010777766e-02
2.520632479065090109e-02
3.049528890937792600e-02
2.724379538113804247e-02
3.109844810232851794e-02
2.729770310537027456e-02
2.984943051121353302e-02
2.559707719561262612e-02
2.486789228176412153e-02
1.993610646424627542e-02
2.861610912163567444e-02
2.631782746915413765e-02
3.319888410650274208e-02
3.559320595834283840e-02
1.995953404549852608e-02
3.328388631488188310e-02
2.708118075227244209e-02
3.218386758181960433e-02
2.524931658611961893e-02
2.815049342014334585e-02
3.517348811644276790e-02
1.540817026023011752e-02
2.826921899880446148e-02
2.604399103748565938e-02
2.440663087858398195e-02
2.318518925476604001e-02
2.432105750133333605e-02
2.410430953035905266e-02
3.027844710099605527e-02
2.957357984199045220e-02
2.347940267440605175e-02
2.632835029936383964e-02
3.579564279269219912e-02
2.539162236984078211e-02
2.682917581429293194e-02
2.698706319194803943e-02
2.731803769369326590e-02
1.770373165428626439e-02
2.671902466607621249e-02
2.724683085797330664e-02
3.025790721791152618e-02
2.629103746784969622e-02
3.210337102758658440e-02
2.905421029829898319e-02
2.375785504368632672e-02
1.761867983620055492e-02
2.612311736486717592e-02
3.734173144758922563e-02
2.989565113074840741e-02
2.689532049259905216e-02
2.576816415985395611e-02
3.491958421561456444e-02
2.900103612534986330e-02
2.582582057687053331e-02
2.968955241547878085e-02
3.138207143713282049e-02
1.606294751062656290e-02
2.961359801493370497e-02
3.315266692447898372e-02
2.531658436465049344e-02
2.839859593236237351e-02
2.651714535290027042e-02
2.777402290427955292e-02
3.116845570484239741e-02
