6.410856169296350049e-02
4.549836959026705430e-02
5.051438619436465771e-02
5.194903668915992756e-02
4.821751562338165431e-02
6.100756208136828840e-02
4.810523068909113714e-02
4.872328649640149389e-02
3.966136462217006997e-02
4.731195732848324231e-02
5.188411476801996908e-02
5.511116410500464108e-02
3.584914534020476606e-02
3.682814648573193295e-02
4.915190460076526713e-02
5.079991523928316377e-02
3.835824782830309782e-02
4.525271971433939694e-02
6.426228620586721396e-02
4.091004093225277666e-02
5.475359408646138931e-02
3.481371222631378382e-02
4.723020677992709887e-02
4.973911487266454573e-02
4.826644905521914469e-02
4.689673658090153657e-02
4.989394466008577333e-02
4.864397798398185230e-02
5.457108404759569709e-02
4.653443358684529463e-02
5.217709634299104449e-02
2.267385548492837494e-02
6.275251088041215730e-02
5.753009169554988700e-02
4.875180924326503323e-02
4.526736518815310112e-02
4.861664556227844602e-02
4.792849126076466348e-02
4.241784284293262375e-02
5.367430394744116678e-02
4.687418468752640316e-02
4.778141825042659524e-02
5.028079588287907853e-02
4.495072111854028080e-02
5.137581823040651002e-02
4.937934201441246396e-02
4.066441346721373640e-02
4.680110741518356265e-02
4.800393990676368045e-02
4.827290997739659001e-02
4.699746735591193991e-02
4.715712010123552372e-02
5.009834649054948491e-02
4.960639641147277651e-02
4.723735713815842285e-02
5.018043464489643779e-02
3.877972034003907692e-02
5.381061771987220160e-02
4.817950508952748012e-02
5.094500805459565435e-02
4.678835137328613697e-02
4.592178086675759857e-02
4.817361798515449461e-02
4.619093362217176202e-02
4.387093027569095860e-02
4.849881389582593599e-02
4.789341212909419693e-02
4.588787537401249617e-02
4.834834125207632116e-02
5.039443158843281978e-02
4.673181895174795264e-02
4.613263168571963418e-02
4.000627136777436949e-02
5.061635805505276114e-02
5.439790964459016720e-02
4.992793036959794484e-02
4.813222548608463852e-02
5.110341824955284828e-02
5.700685654788618245e-02
7.594290232326382506e-02
4.554205893252365883e-02
4.329381937289727283e-02
4.687950945844213124e-02
5.628632879120355065e-02
4.931683480422922178e-02
4.881394886815029754e-02
4.760645503440004422e-02
4.730114456221282820e-02
4.736480504308369227e-02
8.500499865783082976e-02
5.039951136406808224e-02
6.475179721241505759e-02
2.386332017935343872e-02
4.572056006219453461e-02
4.831461147772556780e-02
5.220171708305546693e-02
5.164458432435272556e-02
5.743612388730096746e-02
4.348615581547713577e-02
4.681797539558922583e-02
4.319584861724402175e-02
4.832342302652113675e-02
1.065430955660451456e-01
4.972378319541521235e-02
5.229854345380501035e-02
5.902375790877966572e-02
4.713928574921640718e-02
4.033217292896608408e-02
4.664202759531821396e-02
4.899699722965788345e-02
4.115032064966929470e-02
4.810012413370258477e-02
5.195833880149411388e-02
4.574234621950009488e-02
5.146851268282567199e-02
5.767739711676510284e-02
4.735543394501409015e-02
4.239140709605090235e-02
6.034173570562069433e-02
4.988504012500289547e-02
5.140166852678014486e-02
4.381111192152074146e-02
5.362105176359516223e-02
5.955535851540439546e-02
4.810067957568234936e-02
5.417763674591942469e-02
4.895307122165259289e-02
5.156923530081825718e-02
4.622288406139820477e-02
4.915693722193800047e-02
4.995688541070392868e-02
2.956146934997223863e-02
2.926921439520948492e-02
5.003623154843952342e-02
5.212249564680098562e-02
4.883155001178330484e-02
5.708966997117746744e-02
5.212064111474477152e-02
5.439482921940258509e-02
4.875981573672821118e-02
4.723891421517754929e-02
4.637584061249325207e-02
4.491305467473740570e-02
4.877967591096421529e-02
5.390408306263767824e-02
4.697597281759231108e-02
4.792813793265041783e-02
4.827710427957074973e-02
4.920366554853228963e-02
3.829142428189704489e-02
4.428647323457925861e-02
6.424677956490369712e-02
4.850585280726309872e-02
5.160660131412982132e-02
4.808494290230552748e-02
5.990497056462747161e-02
4.521527195830210566e-02
5.219432965879325370e-02
3.839389104835555511e-02
4.650802605317391758e-02
5.948471329614055808e-02
5.056142948306152629e-02
4.743973221175871308e-02
4.816529507860973364e-02
3.884166633136262176e-02
4.579194611374161339e-02
4.058064986619645126e-02
4.860944673547523687e-02
4.868930073532960756e-02
4.446305784563219649e-02
4.582200263248543265e-02
4.866846314926159128e-02
4.848352623077407247e-02
4.806566373123881408e-02
4.887523505580371880e-02
5.367534059820476544e-02
5.919199642156103974e-02
4.268535591957108716e-02
4.716336428891296229e-02
5.257489272088015919e-02
4.386373426349488014e-02
4.844273596075376193e-02
5.641117835162303557e-02
4.790973797911817628e-02
5.207570762808137743e-02
5.305737273185709424e-02
4.895685647950943215e-02
4.791297907686767332e-02
4.907876157980831794e-02
5.244151118206213241e-02
4.730518583381531500e-02
4.780775047308730846e-02
4.918247106621519843e-02
4.799100620382974053e-02
3.115748822087492306e-02
4.831114587133670396e-02
5.779643673711381407e-02
5.332519931290125026e-02
5.300649695968773917e-02
5.018676851773792164e-02
4.672912277195130637e-02
5.888389616744917759e-02
4.765777596419002587e-02
5.673315206844904007e-02
5.078950077318602346e-02
5.518014457144010398e-02
2.193013280004316515e-02
4.897925480421037869e-02
4.938752409420367473e-02
4.160994686538559834e-02
5.696974465625707224e-02
5.087614528034500871e-02
4.733927457678592521e-02
5.618224387414068322e-02
5.488095337083441494e-02
4.914603322601245744e-02
4.239534520017755603e-02
5.133254559034112346e-02
4.462350416397236480e-02
3.961403518400351265e-02
4.815694910183312971e-02
5.264340811408694393e-02
5.090369479876477588e-02
4.976992242211611406e-02
4.786628059228138082e-02
2.913093344997697703e-02
5.289720037872854691e-02
4.809942265729682392e-02
4.371433092841028878e-02
3.941757863886740515e-02
5.093163310275654332e-02
5.037148419552650580e-02
4.733354528771489822e-02
4.737334684538227481e-02
5.376338402807760708e-02
4.796761322156425228e-02
5.075762031698943105e-02
5.182260213816120009e-02
5.142605447117636064e-02
5.310423436519608187e-02
3.991771074288936322e-02
3.842349367851378983e-02
4.963624459687220741e-02
4.615147847574472412e-02
4.883388969158720949e-02
5.094006730384104120e-02
5.007893742400848502e-02
4.825515477269838593e-02
5.100034887311202109e-02
4.918074611180819206e-02
5.585299637301360809e-02
6.104192424959480057e-02
5.257166383805977200e-02
4.712491909570086512e-02
5.634100663245726615e-02
2.638168223531230094e-02
4.016640323629511872e-02
4.852667821425274419e-02
6.495098873145359331e-02
4.801502669936574125e-02
4.874187997616542811e-02
4.315361468468120049e-02
5.920375847421401744e-02
4.022522906185642400e-02
6.282336503830618368e-02
4.759301385050249134e-02
5.571596739551606947e-02
4.694797052931801856e-02
4.008074967216048584e-02
4.484860276110877453e-02
4.832682356692313830e-02
5.380131122951135186e-02
3.564968557143162464e-02
4.810981546254405883e-02
5.197480707395860794e-02
4.386342090234939678e-02
5.061232787502039504e-02
4.750054960595966047e-02
7.780609646682715153e-02
4.688695417762133583e-02
4.917246540855788051e-02
3.497444687531347379e-02
4.775864610237524899e-02
4.699625400882583709e-02
4.991454525433536987e-02
4.853976464446285721e-02
4.947509786332988241e-02
5.777085668877445651e-02
4.862307015236992658e-02
4.646509312892489058e-02
5.416734589331055616e-02
4.885766334298933394e-02
5.313230267217936703e-02
5.498827716052220177e-02
4.454550802983995444e-02
4.804316370423308835e-02
4.890135542477067054e-02
7.448078111163777826e-02
4.265091492026528569e-02
6.138897699227167937e-02
3.287081311190221539e-02
5.104178595219830555e-02
4.721756729264339064e-02
5.784687719681910756e-02
4.658426050724385342e-02
6.652645567670341376e-02
5.349077877502886325e-02
4.851257559415671911e-02
4.470413285057135006e-02
4.792906994282720295e-02
4.467112066868485221e-02
4.753622983409106634e-02
5.175301098191939508e-02
4.875252159412075265e-02
4.899553998634890994e-02
4.969105330064009507e-02
4.210689826187436618e-02
4.392735289187012920e-02
4.893824732196838667e-02
4.919550631213159830e-02
4.549798801703726359e-02
4.891424823946338013e-02
4.204066933850001547e-02
4.659939586006837248e-02
4.779595102821640462e-02
4.030306674469050221e-02
3.996025960363051160e-02
4.352833866185128187e-02
5.238573453008734532e-02
4.839235884880861011e-02
4.493273260863554081e-02
4.597775179179718064e-02
4.654078883666795674e-02
4.575905435629870621e-02
4.813874199292810657e-02
5.056731207972373771e-02
5.016367328964317640e-02
4.593012145896644555e-02
3.103238644475687577e-02
4.825814888559451510e-02
6.354410100753346557e-02
4.232118184269202665e-02
4.964721390807752543e-02
4.405449189767641355e-02
5.985488230854529856e-02
5.907861507780539506e-02
5.024219077407246492e-02
4.700935010194523533e-02
5.496913905117235127e-02
4.923473696889701240e-02
4.804923891522262097e-02
5.851924184731977646e-02
4.913258851120627657e-02
5.403558677374022123e-02
5.129405989887985545e-02
4.289253065986502883e-02
4.795916321290164680e-02
4.788173812799691870e-02
4.470121345034291233e-02
4.477926007108348760e-02
5.278530436971793499e-02
4.935524157384742205e-02
4.446099971972885395e-02
3.981274032034731736e-02
4.390499086463833106e-02
4.321094245978383819e-02
5.334654352209956124e-02
5.110431274396406293e-02
4.851829580715965456e-02
8.198711951734069525e-02
4.946232024420484791e-02
5.197383911122643863e-02
4.925247454738729269e-02
4.750325590022913547e-02
4.624243025797530882e-02
4.571103168014017254e-02
4.802219676372890267e-02
4.803745114676567091e-02
4.791648377362926758e-02
4.427464903905607707e-02
4.598302141467954657e-02
4.799062873756951980e-02
5.011479943245451124e-02
8.453864048879615456e-02
4.811540261098208593e-02
4.915401158899468381e-02
6.256859922177582245e-02
5.051055296920527876e-02
4.837092791652804202e-02
4.826159583208693149e-02
3.893392491684451867e-02
5.431332734201412688e-02
5.131808766070018735e-02
4.418192851783443731e-02
4.980238272113052950e-02
4.855245073448814092e-02
4.839314329771186862e-02
4.800978011870031537e-02
4.913256799487903531e-02
4.826112883600296860e-02
5.219220131796303147e-02
5.316637521738559746e-02
4.801255427904631279e-02
5.246489614311413557e-02
4.385549570567055799e-02
4.947875969804510499e-02
4.761183517222584288e-02
5.214558184014966846e-02
3.366326124665239283e-02
4.646205757832624211e-02
5.049473668472585774e-02
4.883120804738062121e-02
4.209426852992375484e-02
4.236976926224735041e-02
4.794188065571378110e-02
4.542269216145476685e-02
4.615747813053742293e-02
4.820119230211553085e-02
5.370852682041215437e-02
4.656250619409756097e-02
5.862385968874226500e-02
4.622644341417597724e-02
4.518316314903982056e-02
4.505036924733220316e-02
5.529921349853710033e-02
4.712222976991084500e-02
2.174298604451207345e-02
5.403297280240201145e-02
4.857323172384475640e-02
4.568208043211447605e-02
5.148664221214391962e-02
5.940724120647001422e-02
4.401724455832361355e-02
4.824537519697921772e-02
4.708360224187005394e-02
5.562415462134789879e-02
3.980790214016871609e-02
4.309110869507094821e-02
4.855835951545665885e-02
4.427712015603856022e-02
5.169576369302449070e-02
4.962257878025067709e-02
5.054859897888263481e-02
5.161064696156531656e-02
6.033639361847051991e-02
6.320915816297789647e-02
4.535399645089691067e-02
4.783124289117748201e-02
4.211731321202135531e-02
2.328466721458422387e-02
4.362618420169157157e-02
3.934570142534163373e-02
4.712330246339795081e-02
4.412309891921203236e-02
4.857292263494745327e-02
2.842768748532822562e-02
4.780818943048221331e-02
4.141654146930880825e-02
4.826810919890399398e-02
3.858249048731399872e-02
6.566060619167672641e-02
4.867126424370587373e-02
5.151316350640999797e-02
1.018173685941388545e-01
4.394997373535990126e-02
5.357227315576990057e-02
4.671317986241685372e-02
4.702903874466055761e-02
4.972450504534776244e-02
5.616549019310718149e-02
4.831554610901434010e-02
4.962582700101197258e-02
5.059070889407826788e-02
5.367508862902654887e-02
5.786602666506023701e-02
2.842870437217034224e-02
3.585633144656582422e-02
4.636015140491509673e-02
4.407137365934281348e-02
5.017753667574207516e-02
5.251165200183049303e-02
5.437145931547376215e-02
4.224535264828438441e-02
3.811129166361674342e-02
4.835592920210211865e-02
5.356300519494786722e-02
5.112274881682545014e-02
4.720374400476615162e-02
4.853434029759239737e-02
4.643919293319943159e-02
4.932091878032612842e-02
5.329713724602530567e-02
4.867115191797407453e-02
4.811576733587573373e-02
1.698392281090675346e-02
5.421552797979076188e-02
5.099667179498639652e-02
4.663290695586690127e-02
5.554579280874314545e-02
4.982514043190062331e-02
5.224979945842612300e-02
4.877547003915332774e-02
4.362373847864797066e-02
5.372744356105588898e-02
4.456024156930823987e-02
3.132562026812154427e-02
5.083946778093352548e-02
5.848509785162759461e-02
5.302122528855222200e-02
4.795690790085050531e-02
4.693277725825588387e-02
5.226289178033916710e-02
4.661113785859970216e-02
5.020514851966403208e-02
4.656236299369084092e-02
4.863101221262829815e-02
5.550490119939360117e-02
4.966005493883368649e-02
3.853400752560985632e-02
4.675507561072932139e-02
5.034711122902432723e-02
4.008762705634959234e-02
4.755390004899179984e-02
4.811043888311025696e-02
5.096968166658821797e-02
4.851943989206493335e-02
3.181117711507373130e-02
4.754685148893194463e-02
4.570178263124698159e-02
5.669845651891666782e-02
4.873543572053669337e-02
5.302431392769132307e-02
4.774932780308643182e-02
4.871240319146760700e-02
4.774908158641838485e-02
3.956938527552697482e-02
4.434471060390279828e-02
4.832067618449546048e-02
4.578876182880981666e-02
4.505990896548044133e-02
4.749578362764213246e-02
4.823705389065430227e-02
4.756491132876369127e-02
6.688088521549995225e-02
4.399027319231831046e-02
5.400117622921214722e-02
4.546943206415589300e-02
4.808686873119428357e-02
4.393353627105738013e-02
5.431546772855751909e-02
5.402419424070447479e-02
4.717889239217811642e-02
4.534226193765258928e-02
2.960266836980753741e-02
4.418522630553848446e-02
4.776812135531992992e-02
4.881747189152112198e-02
5.371292497674858696e-02
4.082070613813883891e-02
5.050765893797961453e-02
4.261232616561475006e-02
4.901152748529258307e-02
5.995698894741175594e-02
4.824909515119462505e-02
4.849691685946392466e-02
5.129302630212360242e-02
4.140798606668361082e-02
4.861604277479451841e-02
4.710706497604218168e-02
5.017644289184904766e-02
3.794335177462478809e-02
3.142863758113168676e-02
6.297698155794798081e-02
4.974386964179934589e-02
4.168102782092530934e-02
4.767629690738057341e-02
4.364538889354350332e-02
3.474708426649324167e-02
4.452594420432733763e-02
4.780251474560175129e-02
5.070105605322287878e-02
5.052472161494193925e-02
4.756456332776764356e-02
4.684633781616438786e-02
5.020152941934528240e-02
4.014690134829623780e-02
4.622808249749479903e-02
5.103513204191292146e-02
3.370749850295175903e-02
4.602294528333204793e-02
4.853128914691218904e-02
4.085841105339128865e-02
4.792949214688285720e-02
9.203212634902772915e-02
4.959948898365588305e-02
5.194368138841649885e-02
4.267232429593115217e-02
6.036814697248572142e-02
4.625174439509258106e-02
4.843841142177844616e-02
5.261351414929837239e-02
4.591409699126414862e-02
5.314248740396404491e-02
4.875334776685606719e-02
5.220657346891034029e-02
2.281624756074620772e-02
4.701715413163057994e-02
5.162762639687382138e-02
4.139916035840206232e-02
5.281801176925634417e-02
4.349076211038301748e-02
5.673338233061379215e-02
5.182209957387464566e-02
3.672484285686420519e-02
4.820953828769714011e-02
4.807447227686047903e-02
4.573008862880489911e-02
5.099575640933456250e-02
4.726254779640797626e-02
4.947715312836148405e-02
8.907061914318491203e-02
4.651828307868113160e-02
5.524487510768124471e-02
4.753911835820903015e-02
5.208398710544404758e-02
5.185117733287940289e-02
4.962991179012001680e-02
4.330367210895719188e-02
5.616535338981570868e-02
5.884773553479104996e-02
4.835383941583581285e-02
5.317001431394363653e-02
4.323139213477432408e-02
6.291314112999371599e-02
5.504254685347119425e-02
4.784240918620014105e-02
5.522645680527360490e-02
4.846185900388117612e-02
4.900783144998355212e-02
4.321598564082106131e-02
8.507795632329068214e-02
5.534698548739493823e-02
5.284779342550116610e-02
4.322208908884618561e-02
4.824606238850518564e-02
4.774282733907919685e-02
4.958470141585469282e-02
4.864016048024859262e-02
4.905858971943128505e-02
5.053244833059030577e-02
4.651948853489359242e-02
3.803975885904552212e-02
3.966755064858890067e-02
4.374508261456655500e-02
4.302406936494114487e-02
4.872100828624722352e-02
6.190089045821596525e-02
4.812573470778652718e-02
4.850208116124432589e-02
4.839098493866882816e-02
4.989855072051128937e-02
4.325621751393519260e-02
4.762772058276620174e-02
4.978772965939778916e-02
4.210845414018332677e-02
5.204610654758589500e-02
4.767184098582543522e-02
5.268725146507996504e-02
4.553536984058625947e-02
4.809230836452482033e-02
4.985476233936559504e-02
6.113115069494674120e-02
2.857944031702227758e-02
5.497999634175056854e-02
5.285144057034171089e-02
3.984066074656517076e-02
5.752253085592212017e-02
4.900214350307113831e-02
4.633136900326246393e-02
5.638542208354908880e-02
8.489349913791470470e-02
4.997536486007408268e-02
5.092702494424463516e-02
4.893115828957941144e-02
5.691213206886434894e-02
4.802670837758953037e-02
4.465160347517619505e-02
4.508749447984981146e-02
5.338343517841572655e-02
5.204218773463803460e-02
4.844214970233080841e-02
4.502366570194699796e-02
4.793925956855151632e-02
5.065918849007931130e-02
4.972148477657668819e-02
4.088680097040596484e-02
3.848505095470174803e-02
4.570476030548030477e-02
3.362609483608003380e-02
4.978019869663206920e-02
4.907630683566880508e-02
4.516737675098046051e-02
3.935066962640733357e-02
4.779704556810981941e-02
4.484201602543913534e-02
4.724041481878571425e-02
5.105660382642181194e-02
4.860726080909543584e-02
5.695400213381011933e-02
3.805858761094520204e-02
4.468963425862520350e-02
4.824340847915958852e-02
4.833688087302934894e-02
4.788966691062788300e-02
4.861774075639950510e-02
5.297017673495140605e-02
5.596616245128345490e-02
6.089206913320851372e-02
4.920930742304270578e-02
5.865917812432519529e-02
4.761573795480919524e-02
6.016316650805612204e-02
4.620527154351650873e-02
5.062678026036769585e-02
4.972591379898536057e-02
5.065291825991546232e-02
4.715886861755452797e-02
5.514691275602749687e-02
4.781115335080374229e-02
5.285637150998745426e-02
5.474714789026328271e-02
6.325559504432570757e-02
4.496612135447183856e-02
5.521817769385149038e-02
4.633265447817895566e-02
4.977569163618951464e-02
4.909079057883152658e-02
4.731786806132761564e-02
5.114947523289128939e-02
4.795511085778211141e-02
5.498965965994300625e-02
4.796041062853784176e-02
4.851227732414428728e-02
5.785020070002059450e-02
5.023750161914706386e-02
5.117663148596034856e-02
2.888935925354175344e-02
4.169317420359616722e-02
4.889380119307355083e-02
8.724828997742950509e-02
4.247739323888963248e-02
5.288110687819320282e-02
4.892992852454552261e-02
6.610182385726666443e-02
4.821104904672653818e-02
4.805884412910248898e-02
4.804803871144242705e-02
6.049300734718932732e-02
4.824508779102616024e-02
5.343913938006691899e-02
5.673351207894033327e-02
5.716586522704925066e-02
4.776797173245363876e-02
4.897731178983925904e-02
4.811456042647806186e-02
4.548719168071994889e-02
4.315360203101245573e-02
4.543055241736479455e-02
4.884161482928880971e-02
5.775631512533463408e-02
5.672745830929189909e-02
5.555522497840070795e-02
4.691523749397526200e-02
2.191451039630382819e-02
4.184023142973333775e-02
5.065494881551340506e-02
4.279785238297458688e-02
5.592618468586460501e-02
4.806423660023694672e-02
4.854564452979259065e-02
5.164706258556733126e-02
4.933624187308868758e-02
4.532882629794403317e-02
4.963801966605115024e-02
5.110194723273074613e-02
4.830227227502645326e-02
5.014053411753410794e-02
4.940331046056498088e-02
4.997470325568170030e-02
4.989024549910928835e-02
4.737111129835954587e-02
3.847045333591141147e-02
5.069012513155622679e-02
5.341538486721619100e-02
5.329758661719543461e-02
4.871661307584932571e-02
4.155030099217355694e-02
4.899547763241111908e-02
4.613451890631489749e-02
4.788432090955509896e-02
3.212608534057423415e-02
5.251686182101156231e-02
4.474890395517720082e-02
4.880423042645816445e-02
4.971709478404222338e-02
3.949995890262301967e-02
4.820882431142277380e-02
4.692512685441098397e-02
4.907206917625658860e-02
4.505564928913577405e-02
4.756953787920450982e-02
4.834212935473471834e-02
5.018692230437973162e-02
5.017632501339813755e-02
4.977406538806586345e-02
4.972728907390602804e-02
5.248108666428114022e-02
5.316717162802275798e-02
4.670286776660863282e-02
4.996130264617507089e-02
6.876413920441964978e-02
6.162151146614553571e-02
4.990297768276278495e-02
5.389681250099512266e-02
4.678721266448705035e-02
4.942405479407650098e-02
5.055810047725477208e-02
4.546352373151717197e-02
4.606882239641135052e-02
4.839797873616155655e-02
4.349798224558856091e-02
5.261559221610419973e-02
5.174040431265016643e-02
5.907186651916555842e-02
4.442718035387625136e-02
5.555134871331986191e-02
4.608280075181636626e-02
5.051828309319902899e-02
4.979113988319805451e-02
4.750665938387684667e-02
4.404503820153020388e-02
5.247970175987156510e-02
4.706144620455340877e-02
4.762249489179492395e-02
5.173843026760280295e-02
6.792824321481960581e-02
4.311627963996653851e-02
4.483912065515365669e-02
3.889917429686917671e-02
4.807355735060020452e-02
4.927415799139189118e-02
5.275118730034740466e-02
4.835857941593957321e-02
5.437232188098877622e-02
4.893001579178508920e-02
5.129404810951285199e-02
5.067099056185796896e-02
4.246662882344025974e-02
5.147549587116499042e-02
4.685929497150469886e-02
4.865002236189617385e-02
4.759391422406100691e-02
5.057251898882664937e-02
4.950273186038708917e-02
5.363560413752451600e-02
4.778084706483991251e-02
4.884526467832922547e-02
4.820250875256233691e-02
3.980375442745562320e-02
5.319762713455787606e-02
5.743537527496803824e-02
5.486917651262105539e-02
5.504174360807841809e-02
4.345274281965359059e-02
5.000593880858595491e-02
4.931681107500687083e-02
5.800546630059000980e-02
4.633737621056882583e-02
4.520720289092422517e-02
4.904831967115586000e-02
4.822446419612710922e-02
5.406920686517135283e-02
4.225274111140057964e-02
4.631756541980011632e-02
6.893594432038298303e-02
4.994977894081784747e-02
4.171437896408727863e-02
5.119055933909392314e-02
4.244608887235390426e-02
5.730479023658337223e-02
5.299359908576577877e-02
4.283592684166543513e-02
4.770233569914959781e-02
4.923827690553389536e-02
4.776430108394936341e-02
4.603055243284120274e-02
4.987748563911713340e-02
4.733156930538293811e-02
5.592525604758986912e-02
4.770722097729102051e-02
4.312390537524912054e-02
5.504336459847845864e-02
4.830528828556956283e-02
5.063891751715132034e-02
4.836383038677532359e-02
5.072040461837777625e-02
3.789342401048407388e-02
5.163999363655433217e-02
4.869244291268153696e-02
5.405895450735302005e-02
4.293509762101870020e-02
4.773608721520567616e-02
5.806889745214837556e-02
4.925432281659246347e-02
5.615910421073221082e-02
5.024906843009504381e-02
4.734817623753398430e-02
3.807840635819689790e-02
4.684000610467742992e-02
4.785387380101456534e-02
4.975281003746888364e-02
5.988507152285330037e-02
3.812279232959256414e-02
7.151452840853822490e-02
4.145295747660934782e-02
4.811878912880517001e-02
4.063529407522652181e-02
5.220287648906405537e-02
4.150799621999149563e-02
5.011089721419444143e-02
4.578222583859325318e-02
4.898445270719471722e-02
4.821368302462707839e-02
7.201765890397256176e-02
4.498914722352382461e-02
4.966112720370442768e-02
4.853476518192477440e-02
4.754008670545199766e-02
5.552118535529625143e-02
6.089366847452697823e-02
4.432955812976963061e-02
4.776407823441056882e-02
4.973334917127006372e-02
4.738895913936699844e-02
3.904609561504532311e-02
4.418465064312903506e-02
4.624220439174428487e-02
5.864988699898504576e-02
4.883783457259670974e-02
4.034694715811946303e-02
5.352368427559354991e-02
5.517767727637201691e-02
6.455739403581708946e-02
4.692263781308247256e-02
4.499280894248632728e-02
4.929235644145991968e-02
6.142389435562349564e-02
5.047703132432491968e-02
3.992952999072491710e-02
4.049254166781726672e-02
4.810389830588755050e-02
8.061491809375868900e-02
4.891173459652416178e-02
5.089502681333011452e-02
5.258752611043836928e-02
5.833649923024057660e-02
5.314384166457514908e-02
3.422932280228124791e-02
6.191812713734570761e-02
4.695412804138369978e-02
4.015013624453142582e-02
5.314304177767580767e-02
5.469347220098028789e-02
5.051638020269577645e-02
5.137625074258590080e-02
5.072905669384236704e-02
3.601362373836995007e-02
5.314783871573709045e-02
6.192212153364745619e-02
5.667234728818142803e-02
4.705832348061182724e-02
4.889883221705243477e-02
4.893641136832498767e-02
4.608401127020834293e-02
6.079049152277436058e-02
4.609958469576828921e-02
5.047921861513470637e-02
4.815630734881898994e-02
4.304452782854940179e-02
5.160122226983327592e-02
6.291305730928165030e-02
4.366053526036595828e-02
4.815683742384678501e-02
4.101144778430625137e-02
4.296319866483178790e-02
5.164438180027989406e-02
5.366525315172401833e-02
6.071080411647494096e-02
5.065071140408029804e-02
3.748030598618468101e-02
