9.842072042761327785e-03
8.782365970103915911e-03
8.707455458546077207e-03
1.060022799180695280e-02
1.339998043330930741e-02
8.674889690722192848e-03
8.028050216731447142e-03
1.002613085267256218e-02
8.358722316287578447e-03
9.092647726530758007e-03
9.470345147329440119e-03
8.283694114365679553e-03
1.172629729606262071e-02
1.150512466245948683e-02
1.140663661264644697e-02
8.682153487648041484e-03
1.048013394110192988e-02
1.201991377297225404e-02
8.754174810183288497e-03
7.924315128248704543e-03
8.337588960988871756e-03
8.583991288355184365e-03
8.228947245255857634e-03
1.012393523722697648e-02
1.358187076819180293e-02
1.555361576787926345e-02
1.170038599658948519e-02
9.075722745876415795e-03
8.491359406243997182e-03
1.072544286388795592e-02
8.592833138559871284e-03
8.285663493615100586e-03
9.823518654477763484e-03
8.070062477416567459e-03
1.153077807993344896e-02
1.129885390822043222e-02
8.467110918304317918e-03
1.133432595924432906e-02
9.029327445060113949e-03
9.020996077464675175e-03
8.773208936420308704e-03
8.441838688910466987e-03
7.951925174193465520e-03
8.480367542325345162e-03
9.115696882937663476e-03
9.585355463413693100e-03
8.547683450546331510e-03
1.306843837335118670e-02
8.533387264094334859e-03
1.182540414328446185e-02
9.929067360981640167e-03
1.194888626933394461e-02
1.422431927467714824e-02
8.158279696393164540e-03
1.240811101482585874e-02
8.772964089085656669e-03
9.418858713523905329e-03
9.817566242157304418e-03
9.615804684786039003e-03
1.302216567518761983e-02
8.442115530985476110e-03
1.108503191810648533e-02
8.774784522630496922e-03
8.616198270514527705e-03
1.018922601000620161e-02
9.808397853315851955e-03
9.995725830875141701e-03
1.101531345670250274e-02
9.835910772647997458e-03
8.460362721250464652e-03
8.829140689306028134e-03
8.477907368187098669e-03
8.215733605263043915e-03
8.984140985139438609e-03
7.726060930458677860e-03
9.879489320094745827e-03
1.366577217668491807e-02
1.820460508694722243e-02
8.367278324212029314e-03
8.726289403837645536e-03
8.251169854549603860e-03
8.664551742551108646e-03
1.572698717621153972e-02
1.339228966663998620e-02
8.634207174062005774e-03
8.439782530571871000e-03
8.305920571381604847e-03
9.975137983554658097e-03
8.338787827832585750e-03
9.283425578897750580e-03
8.237098548947630397e-03
8.034582294388576199e-03
8.441757626637340362e-03
6.902995246464770779e-03
8.535581993915125967e-03
1.667562816278918975e-02
1.160747998657846863e-02
9.436626757247473102e-03
8.296421824862731942e-03
1.126120296127997369e-02
9.538745679521645066e-03
8.314246404500222343e-03
8.926599456760130058e-03
8.746847120051418761e-03
8.588658302377228174e-03
1.507046617128601426e-02
1.796810078455408910e-02
1.561988148786751067e-02
8.231601198271340167e-03
1.094738056329228916e-02
1.212304455187239449e-02
1.208077137128288868e-02
1.022228762242780031e-02
8.612336740457813070e-03
1.050710304676059047e-02
8.935070640160684696e-03
8.584957207823217668e-03
8.387390324975711048e-03
8.407670258481343001e-03
1.222198215924162439e-02
9.450840884735130926e-03
8.581661294666066697e-03
7.625102909338227902e-03
9.912173375017135218e-03
9.768974512631999063e-03
1.663801472534804163e-02
8.686614156693115568e-03
8.756131488255483250e-03
1.190926930660235993e-02
8.472489582820727158e-03
1.030848187984093750e-02
1.127301179508103865e-02
1.053016829582458305e-02
8.671677206714505787e-03
8.704368851277059782e-03
8.350837449864279352e-03
7.803891433333147443e-03
8.959305485831422708e-03
1.316089861868558961e-02
8.165268286466522210e-03
7.729414209242171756e-03
1.007615975891593824e-02
1.088110891516311587e-02
8.529984201207560165e-03
7.939189254751339089e-03
1.014411475925774790e-02
8.878939351816260775e-03
1.489228634230471172e-02
8.239892295419611046e-03
9.344084969355830744e-03
1.043806902467425343e-02
1.288730223517277514e-02
1.980855637506242703e-02
1.427913427291005802e-02
8.513844117322255656e-03
1.219270009625398644e-02
8.863732819408547126e-03
1.332349792752177131e-02
1.186348145185082102e-02
7.907742888353051433e-03
7.884264105935076886e-03
9.253755378593601574e-03
7.916630749815611531e-03
1.235527126764397743e-02
1.265003427353551119e-02
8.306698381147184507e-03
1.109537082570913845e-02
1.069473919169953643e-02
9.265896652398254371e-03
8.964792347862810679e-03
8.334869433630974836e-03
8.572787479056792614e-03
8.474294314605211945e-03
1.112423679472344766e-02
8.117898899581402553e-03
9.044932441943461313e-03
1.306654030268976537e-02
1.013923719222067747e-02
9.021172234279369387e-03
8.383662986571178977e-03
1.295350147747865825e-02
2.494918223055916234e-02
9.975350473969336884e-03
1.043678633106754662e-02
7.714314645255730685e-03
8.531101884524924794e-03
9.808200151972031738e-03
1.485580885552668234e-02
7.918760417051785849e-03
8.277694639536361740e-03
1.121613162413942662e-02
1.281575180728426570e-02
1.376876821282010249e-02
1.033478611111252055e-02
1.039289001812909383e-02
1.177626478443037812e-02
8.596936896545694790e-03
1.696938992095243376e-02
1.013533205797358984e-02
1.593714973173495503e-02
1.068670336023802743e-02
8.487926992279414690e-03
8.435504442559573976e-03
8.193212068458011893e-03
1.626941506045168767e-02
9.528734033122977093e-03
8.911583317354591222e-03
1.106167882260416201e-02
8.179226987919651845e-03
1.133900584502254075e-02
5.905189627566339097e-03
8.347483981230471167e-03
9.940388016883756200e-03
1.081018413028281451e-02
9.937247012947996588e-03
1.220228616003247481e-02
1.103188578850368418e-02
8.371080277448098711e-03
1.766266046577833274e-02
7.304322435492050652e-03
1.105572820823581132e-02
1.171781127746645591e-02
8.827598622911788859e-03
1.017720134358427071e-02
6.704533589249305099e-03
1.341450364851439446e-02
8.756938159724938706e-03
7.980474430837013189e-03
1.593468896794794643e-02
1.236172564246390201e-02
9.494074893979857072e-03
1.626608038976723111e-02
1.093237130695130788e-02
1.223323978240240147e-02
8.286356425765311826e-03
8.372914498432252467e-03
1.034551463492531208e-02
8.337131349288911392e-03
9.095985468057642132e-03
8.895171269920707641e-03
7.635286990207683887e-03
1.297841365394778422e-02
8.684341995730312375e-03
9.367254977005247743e-03
8.474504621628398821e-03
8.485432963520883956e-03
8.645176161889089883e-03
9.891743198371230616e-03
8.340481013550903738e-03
8.754798225283003457e-03
8.375517253288600888e-03
8.561533960819430605e-03
1.387426102710422049e-02
1.013466808219507832e-02
8.806594353865482977e-03
9.423855989473827605e-03
8.282954478564977935e-03
9.663766698678379757e-03
2.027743320662259846e-02
9.363656459457315659e-03
1.694846850204172889e-02
2.046613027174858448e-02
9.060667437884360395e-03
1.069798377672792275e-02
8.742519342328104043e-03
9.582333432442503851e-03
8.407101141784530454e-03
1.146130011957925687e-02
7.980395406404421771e-03
8.945888565097372472e-03
8.559023575724765409e-03
8.954501165325179021e-03
1.345150541620563668e-02
9.247081285560057248e-03
9.111942929487979251e-03
1.021792841334236666e-02
8.392655145958041393e-03
9.484711492419443599e-03
8.204088093614173710e-03
9.113035900050265453e-03
7.808986312274761137e-03
8.407729770569425179e-03
7.778394350010225770e-03
1.116118311495458912e-02
8.240180151394065414e-03
8.205921570281790242e-03
8.342247732347173039e-03
1.491090907021223703e-02
8.455214491232664747e-03
1.162851028917381499e-02
1.059510599553640381e-02
8.868990909918042162e-03
9.256013612309018160e-03
7.726249110753639036e-03
8.766074271702865503e-03
1.234381449244562924e-02
9.590886739178364206e-03
9.792619218677254059e-03
9.475009533775974324e-03
1.363054462781038492e-02
9.082155332216146695e-03
1.132272105549268597e-02
9.749128191336971574e-03
1.449937662597382271e-02
1.000979176782572193e-02
1.171652103513673784e-02
1.319900008813473455e-02
8.240263425383071924e-03
9.021522766572708657e-03
8.249523488634863400e-03
8.484110473502318520e-03
9.728243033874088563e-03
1.113617484611906065e-02
1.144386324290177538e-02
7.796815871068946482e-03
8.777392781474107827e-03
8.598292405764309740e-03
1.477967680202665196e-02
1.368085280602539602e-02
2.061349688259546398e-02
8.591877621347126029e-03
1.199344593800730219e-02
1.135978139556504188e-02
7.554449729140839259e-03
2.086339465476590160e-02
1.534097860291124688e-02
9.426873373177574456e-03
1.114421833315900993e-02
8.622095827656769268e-03
1.948448086591516443e-02
8.674192287478902502e-03
9.294663864546181056e-03
9.906533041120699212e-03
1.114779124348668458e-02
1.012757396994554832e-02
1.148653810134253953e-02
8.177977121681738806e-03
7.652577603673753164e-03
1.021455500801282147e-02
1.192887814064333245e-02
7.856095292936505353e-03
8.429446067228781730e-03
7.859389083215729058e-03
9.113437043909411103e-03
8.646637197270126002e-03
8.803204776410221075e-03
1.165591855341889180e-02
8.841066354441286940e-03
8.382020508365001579e-03
8.979423914921352487e-03
8.523514243428332443e-03
8.046368238079349561e-03
1.074877948180626673e-02
8.032109057099369454e-03
8.197187120928090334e-03
8.566863769322762695e-03
8.590265359422276370e-03
9.742445107936375734e-03
1.086527410801937238e-02
1.038009929849945980e-02
8.466276579790014620e-03
8.137380635807172150e-03
9.037722653509406082e-03
9.717987207459198237e-03
9.380617225170057027e-03
1.451928754057459255e-02
1.130984176550994119e-02
8.657230778395920770e-03
8.618414749023336000e-03
8.942950459529820303e-03
8.580177042297231285e-03
1.514267070674738674e-02
9.329033767467395655e-03
8.191267104502674215e-03
8.483776521129089698e-03
9.121731670582201856e-03
8.751345370409511007e-03
1.073261213174777316e-02
1.162699677764674443e-02
8.856113279824136611e-03
8.861224086139981443e-03
2.108662509162874399e-02
1.282602718845423685e-02
1.006967818240864926e-02
1.169532406006812408e-02
1.404363192806652033e-02
8.225858527757205080e-03
8.130638321418054426e-03
9.836696959624999931e-03
1.063557949436847588e-02
1.278937913773257710e-02
1.576476042501397806e-02
9.734875271315652709e-03
9.910638058180208307e-03
1.021747399211604679e-02
8.320730725766814842e-03
1.000642255806986035e-02
1.048321186974304764e-02
1.324503300755972002e-02
1.332469602258507316e-02
9.150179906069807328e-03
9.133701682398945657e-03
1.303540283801995353e-02
8.168326005744269702e-03
9.233597740827912542e-03
1.129899821033875616e-02
9.094936757877501721e-03
9.698196817940969369e-03
8.085571066724599534e-03
1.231384722656252498e-02
7.863978983958462218e-03
8.834309601922543317e-03
9.533139015628753002e-03
9.538348138274149388e-03
9.679384142916252695e-03
8.211265653794154809e-03
9.439492576059825557e-03
9.131028052239007625e-03
7.525120313119060787e-03
1.500095705182209402e-02
8.130161180584719385e-03
9.463487690478743219e-03
1.228862712754844218e-02
1.150726888490804026e-02
1.513698977498093880e-02
9.515722645280107889e-03
9.387771551619643676e-03
8.453295611677048849e-03
1.031714528470853605e-02
8.074393299314861980e-03
8.813304423127303264e-03
8.919742084092421863e-03
8.844268087079502211e-03
9.118761714333794774e-03
1.075470660286576181e-02
9.533580702462731912e-03
8.439638405808733146e-03
7.887933083635544421e-03
1.167165799564053898e-02
9.388685057883575449e-03
8.209946803440018592e-03
8.862590871245655533e-03
9.062305335650241642e-03
8.316811626051676121e-03
8.423561317268095025e-03
8.881992262840632951e-03
7.606012011646203635e-03
1.316561177686413099e-02
1.155629108089752631e-02
9.607743136031467526e-03
8.827645808174642075e-03
1.630602909899255687e-02
9.167486168586961096e-03
8.694044105255187976e-03
8.682637300474705874e-03
8.676541009790861986e-03
8.389377374171391732e-03
7.947969628912650297e-03
1.015436194895957475e-02
8.154473914475055332e-03
9.633639120108630771e-03
1.105683241712564387e-02
7.957143116064041913e-03
1.888535081355756026e-02
1.092358821026011284e-02
9.539739058462840676e-03
8.767215075924558385e-03
8.548748673481052288e-03
1.055553892542264970e-02
9.537470379572870680e-03
1.092721077549903275e-02
8.666678277985654169e-03
8.026847044755890115e-03
1.241059806799573936e-02
9.828646855267035923e-03
8.198696041077006488e-03
8.473750774558187066e-03
1.180567495665910648e-02
9.180048080619753609e-03
1.039162879017897952e-02
1.100690117858705436e-02
1.367879161185664612e-02
1.371798156248300350e-02
1.511493240882939675e-02
1.102071274704596003e-02
8.156669940192743176e-03
7.447204884889607572e-03
1.443585626023485835e-02
8.293206410196802755e-03
1.315913303727769823e-02
1.290583772959325547e-02
8.715098192192407070e-03
8.805732439816941690e-03
1.394694751956059367e-02
8.574986100818048074e-03
8.107305726771549606e-03
1.016820974387523668e-02
1.625479469755150216e-02
1.190141046818976242e-02
1.687500060233034990e-02
8.104896418989673140e-03
1.292376660338605786e-02
1.760969390620463135e-02
1.220533095254254172e-02
8.166547703456211380e-03
2.142903329435036364e-02
1.460084566367743884e-02
1.124728767718099869e-02
3.145460688594885895e-02
8.791545510509750361e-03
1.008289445722903958e-02
8.393233366287925282e-03
1.205743368650321647e-02
9.092868692706592218e-03
1.071403948369966004e-02
1.716415783213054436e-02
9.528383405490174068e-03
1.435266807354519322e-02
8.179804560394941110e-03
2.312239720688691325e-02
8.531078998940063579e-03
7.383589626573884221e-03
8.232623043048312855e-03
8.441625936373254452e-03
8.472455826107514257e-03
8.858083800347818504e-03
1.569617492356035343e-02
1.044500996291989302e-02
9.437098518238996522e-03
9.679615344772020749e-03
7.509928138817404536e-03
1.204520011125605541e-02
8.317518778100042171e-03
8.002687416705633189e-03
1.068099237904496755e-02
8.564778406321719648e-03
8.790458520163895589e-03
1.073523730543153240e-02
8.835289053060923353e-03
9.376970236615789558e-03
9.772189357792112480e-03
9.091672952245237818e-03
8.472659881527263084e-03
9.831818159814221733e-03
1.078152454851792445e-02
8.083385422594367709e-03
1.051272477853556521e-02
8.543650990123824798e-03
1.915645165103936273e-02
8.538353593606823680e-03
8.887495396848256110e-03
9.914339038380421548e-03
9.073921421470827406e-03
1.080118243673689783e-02
8.512627980207191497e-03
1.617547397455846095e-02
7.601466360731683539e-03
1.082826055272001313e-02
9.854975894115238638e-03
8.529667662166043676e-03
7.940922227666662864e-03
1.417923095370670662e-02
9.606359143591385388e-03
8.482631640100520357e-03
1.247947231011641012e-02
1.290536618538008079e-02
8.435693728856084178e-03
1.115021930944503671e-02
8.988810987231525551e-03
1.049141364868854710e-02
1.247653282497603565e-02
7.974532176871322597e-03
8.313261103047231079e-03
1.139100445200729589e-02
8.888711030517948072e-03
9.119785146849190838e-03
1.093574617737537100e-02
9.148989586906425969e-03
7.699526266785802590e-03
1.128087318808475292e-02
1.507150187623833293e-02
9.048200994526996513e-03
7.420417576078790906e-03
8.067309551293571496e-03
8.346579486091298961e-03
8.978267849500256442e-03
1.255280065480178855e-02
8.249167595887516372e-03
7.750071285276568731e-03
9.603587718173231189e-03
9.938320884073139835e-03
8.562467534253315887e-03
8.097606725224403348e-03
1.365475224588216449e-02
1.043002870520310342e-02
1.083224472437147902e-02
1.164666197812401147e-02
9.108183889560531737e-03
8.709541310752265397e-03
8.001800707491263376e-03
8.322773692609338261e-03
8.107836164351111055e-03
1.082956107050889877e-02
8.230150045165656250e-03
8.732140991051235215e-03
8.383293026438630793e-03
8.030446321779950020e-03
8.271885911209026290e-03
1.365793901112031736e-02
9.078657155114340169e-03
1.115520156402410520e-02
8.475735836333278539e-03
7.720575208549569461e-03
1.449563707113323517e-02
1.066579703243340088e-02
9.930838874766274166e-03
1.141706667247793967e-02
7.583966770927248399e-03
7.179571128709686181e-03
8.165751720675030675e-03
1.044442004552311939e-02
7.335621414007818114e-03
8.284973771028618719e-03
7.929867212484578709e-03
1.463303950200211395e-02
1.373357020636294459e-02
8.689174345907119817e-03
8.914969761157583161e-03
9.212264863321335817e-03
2.152406976616386483e-02
9.152682907570128951e-03
7.928624376762040404e-03
8.452062346828262060e-03
9.241098158900406395e-03
1.005296119842437157e-02
1.752464135631676828e-02
1.511873332108721463e-02
9.710408829902384895e-03
8.951807832339377102e-03
8.670471931252948794e-03
1.056525914799025592e-02
1.169315943904585507e-02
1.155784712496155629e-02
9.507967134857013558e-03
8.010323912376654878e-03
1.623386491648033669e-02
8.873599829157540614e-03
6.918692550545562855e-03
1.217712389181651797e-02
8.687544613103576757e-03
1.996193233117404819e-02
9.492051321513317319e-03
8.318452565715452399e-03
9.100077846232975873e-03
1.413892033504865475e-02
8.918255840051167449e-03
1.239876091729068611e-02
8.379737715199651188e-03
8.314874533372845766e-03
1.777027444843817458e-02
9.608313560294829900e-03
1.169962186081136002e-02
8.689552005067952695e-03
9.036683271795699010e-03
1.013169368717901919e-02
9.451944429130942904e-03
1.372183444711292874e-02
7.915154809095853450e-03
2.156958203259589160e-02
8.297241095852657747e-03
1.364061491943104748e-02
1.235157514925290002e-02
9.299432751703258504e-03
1.168692216421103776e-02
8.416541925140694561e-03
1.069388310294367393e-02
1.326673038845587078e-02
1.058592756569524430e-02
1.205585042380532754e-02
9.626298926912645743e-03
9.632562440851649352e-03
8.226199264344891474e-03
1.308529031415142825e-02
1.077412349095405869e-02
1.440162829366329125e-02
1.085949994046805402e-02
1.273321870116620250e-02
9.203252080925412512e-03
8.144473032978497701e-03
1.193656854359776906e-02
1.011930795610976354e-02
1.076559920624091393e-02
1.491761715185531065e-02
1.758713892963195691e-02
1.808292625646768306e-02
8.466794377536043803e-03
1.030061115745778064e-02
8.157135044529386508e-03
1.365185673743649249e-02
8.450953895105113925e-03
8.898624827354170361e-03
9.676482963136950541e-03
9.505818226011916727e-03
9.420774127244169877e-03
9.090344041129809829e-03
9.290859154520578894e-03
7.821067606903245664e-03
1.580521903723851318e-02
8.955904084118006606e-03
1.129705903385063229e-02
1.158893495117861022e-02
7.829870886543174868e-03
8.382463515091576750e-03
1.341994255080178160e-02
9.722289124856280107e-03
8.954530319452659246e-03
8.601255474667279799e-03
1.030319367652904328e-02
8.574804075604652853e-03
9.488581002767493972e-03
1.216839161027488507e-02
8.566758115165476820e-03
7.993960357122333049e-03
1.031435206558342296e-02
1.195769504504219823e-02
2.347598106176608523e-02
1.638737271706448492e-02
8.851774160808944039e-03
1.323886587486287035e-02
1.169395146023378268e-02
1.234116644791320543e-02
1.651490520769472586e-02
9.235101652924727206e-03
1.091828409564828128e-02
1.562340237807693412e-02
8.778320550965886676e-03
8.541179637801201915e-03
8.277850588429646814e-03
1.044284077435279554e-02
8.175888734480192890e-03
1.109711336705818119e-02
9.044690230552678706e-03
9.091751853640205744e-03
9.376968132373975778e-03
9.315410612180708566e-03
9.457866647012936820e-03
1.245456925843181975e-02
1.112354329167748214e-02
9.328589213062572771e-03
9.871943979599489410e-03
9.069844292047801390e-03
9.511516991466699780e-03
8.197969787981908285e-03
8.631124913434685963e-03
7.766620272942887163e-03
1.505742890814867202e-02
1.042858836800638136e-02
9.941013322421690321e-03
1.529768985238577801e-02
9.122652738703076331e-03
8.345268880576602391e-03
8.959915687776492596e-03
9.297731427316321268e-03
9.014031373180996995e-03
1.113280689291674432e-02
1.113979679270862486e-02
1.159089511303580157e-02
8.553624847690604466e-03
8.001615346916853000e-03
1.033359023086439024e-02
1.175897698182587318e-02
1.393454111271539425e-02
9.900775330259839122e-03
8.988970284132835956e-03
8.278534414151290238e-03
8.162138905835475411e-03
1.552085391436268912e-02
1.277232964244175498e-02
8.159367669176277593e-03
8.684976202147370525e-03
1.182169698610119508e-02
9.070776904056148532e-03
1.460643050842901601e-02
7.480473038568859548e-03
9.295060054517067030e-03
1.225927275359634666e-02
1.036301148003960192e-02
1.142761879885141607e-02
9.438052777136135552e-03
9.555761202466941939e-03
7.713534526711399511e-03
1.203985160307998771e-02
9.978106036162399939e-03
8.203174654626221862e-03
9.093435702419584710e-03
9.186913544297424516e-03
9.079453656025571889e-03
8.657849234539976430e-03
9.306091447678457515e-03
1.042675997754653056e-02
8.281551522992321168e-03
1.464132964640996876e-02
1.161042429538643173e-02
1.217247546308827810e-02
9.457152610735285181e-03
8.327439611919092502e-03
1.108685824304429281e-02
1.054081250804176327e-02
1.416969834486948333e-02
8.360518641586996147e-03
1.524598236157104561e-02
9.836689200160647628e-03
8.102812434366120364e-03
1.557110314324769082e-02
7.552419333142007356e-03
9.342973196967720856e-03
8.822496808365595800e-03
1.319227602363690945e-02
9.514658738617818440e-03
9.298923469149851517e-03
8.564860540486768717e-03
1.174824952315041762e-02
9.871525010345275769e-03
8.577246023043542944e-03
8.991259494604891475e-03
7.646527019427447683e-03
1.233944524569893612e-02
8.087204385000093185e-03
1.072909284876745299e-02
1.091145999688739390e-02
1.131047949556654442e-02
8.508638637691695247e-03
8.405684321699144826e-03
8.124218357080029498e-03
8.704182970595423022e-03
9.828385359717370720e-03
8.751789175218455466e-03
1.250764280152856511e-02
1.131382558826866946e-02
8.397207415283032203e-03
8.278679564586310588e-03
9.141266508311662181e-03
9.199328250531520548e-03
8.669797695202522206e-03
1.149055964466330106e-02
9.353188485824804124e-03
8.598468950482272485e-03
1.136712051213570329e-02
9.472409327894861647e-03
8.125621302790616771e-03
1.013602509840789978e-02
9.041799008112657784e-03
8.515512145982005385e-03
8.441666983713231112e-03
8.841827349280731094e-03
9.906563378135028672e-03
8.984875076790644829e-03
1.268342629476390017e-02
8.502884363028137549e-03
8.662793497837238677e-03
7.498642615775270859e-03
1.658765087975359528e-02
8.764221861579752845e-03
9.414422513364991557e-03
1.769404093749992954e-02
1.905005760606537021e-02
7.916018672402425765e-03
1.529091518022012396e-02
8.832413195458067162e-03
1.007238174452985795e-02
8.398763156619339088e-03
1.389913569855235481e-02
1.753055852670936526e-02
7.758049146119461517e-03
1.876617888812240689e-02
8.700783135015656769e-03
1.000552019493406580e-02
9.038017625326345145e-03
1.003350208306246980e-02
8.141474558648114854e-03
1.228847442081927935e-02
9.031639807066125028e-03
1.205932972705195221e-02
8.554549011103831230e-03
8.010252204227795089e-03
9.147481345629699181e-03
1.288086391693768137e-02
9.277008326903340985e-03
8.584671517164894558e-03
9.352801056386250700e-03
9.716730519196895358e-03
7.378255378558106099e-03
2.176420441434551503e-02
7.857858429964406644e-03
1.727394055737252812e-02
1.240681935328892364e-02
1.290008645771687813e-02
8.980400716623742480e-03
9.762588386901608836e-03
9.699696700337883878e-03
1.575558348465362982e-02
8.524095802464428870e-03
1.818233047105468833e-02
8.666404626560526500e-03
1.202153730365891453e-02
7.939040898233336307e-03
8.644403719761788521e-03
9.498953171341835769e-03
9.834548984450363490e-03
8.178433929301962349e-03
8.531491354541845956e-03
1.009100987381581285e-02
9.306837896691030551e-03
1.034446075303841264e-02
8.943913813888692069e-03
8.466151467589040289e-03
7.815420780621896990e-03
8.453082597484761970e-03
1.104447502460995795e-02
7.033719670046662160e-03
1.322192433983043064e-02
8.517500111573334670e-03
1.551655549220692931e-02
1.338759428717902801e-02
9.131363764386788220e-03
9.230718472470814812e-03
1.504539592843258909e-02
1.221877194154107234e-02
7.830982879447509828e-03
8.088783452731031914e-03
8.851889352501073407e-03
8.891412898018319008e-03
9.988687037789531487e-03
7.759590390316505916e-03
9.148850528174381005e-03
7.423113983508210917e-03
9.452124834685203883e-03
2.074861239577235894e-02
9.692876084494912378e-03
7.930960066042708548e-03
2.949966537177947309e-02
8.682700396087693687e-03
1.368368355525590406e-02
9.172328150440386269e-03
9.833100519580409080e-03
1.709967478298831181e-02
9.541869918971719600e-03
8.424549882240936483e-03
8.488561818115294630e-03
9.970687243283303872e-03
1.260445655903985086e-02
1.249009019711342684e-02
8.505662982520213397e-03
7.830742749848174783e-03
8.442928940094105578e-03
9.314904480017647745e-03
1.022254473293066242e-02
8.637872664742415191e-03
9.253377239481899719e-03
8.502264190433915861e-03
1.473596476149233170e-02
1.239774526095076962e-02
1.476008669146840029e-02
8.800609521329211607e-03
1.609566002047817246e-02
1.612250859364702804e-02
9.202060686598487887e-03
8.314892112085935094e-03
8.345473916087130586e-03
9.389821950153066921e-03
1.314451536345650345e-02
9.989070073469575109e-03
1.691265172527885857e-02
1.238188970274282756e-02
1.328770733779443929e-02
8.741681887976663831e-03
7.385814878208996938e-03
1.286829549886235602e-02
1.339678658062618336e-02
8.681562961004016254e-03
1.031520582117717404e-02
8.268700903122408810e-03
8.910208645917436915e-03
1.395847064017383642e-02
1.053686253151198127e-02
8.198123365268294646e-03
9.252206207894200785e-03
8.378388326639016684e-03
8.790516437544533546e-03
8.199973798388019916e-03
8.256795256564992275e-03
1.253875791840274902e-02
1.126910654453623130e-02
1.021975438291527344e-02
1.798238609231169252e-02
8.509461910748444824e-03
8.373457335779189992e-03
7.956783242830979541e-03
8.938436057563853981e-03
1.804382282092171358e-02
