6.571738048953380817e-02
5.254810610729409442e-02
6.742397164891050787e-02
6.503920866655558963e-02
6.658153126982217784e-02
7.802654283275006764e-02
8.012643817119334544e-02
6.810056126581169600e-02
6.809702742946514842e-02
6.866771297546533925e-02
6.600255792562707835e-02
8.182559809771311476e-02
7.433479696262040859e-02
4.360207777156614034e-02
6.614344504160354909e-02
6.677853789769684634e-02
5.452928568261437153e-02
6.506358064504476346e-02
6.185049689764753056e-02
6.897347032698226965e-02
5.927994359237512279e-02
5.915117016020457474e-02
4.846102848731212442e-02
5.078302942645429585e-02
7.123718891781810614e-02
5.913034301566059275e-02
6.932833304689028919e-02
6.090022483659109781e-02
6.948571278847955057e-02
6.607549019054234640e-02
6.568747652350279131e-02
6.545985448378893734e-02
7.282581519131973991e-02
7.267646170976439779e-02
5.950532281386970712e-02
6.770925361965841882e-02
6.383602800789320297e-02
6.753638751937879325e-02
6.548268194277638565e-02
6.597772255850667400e-02
4.300281245749856124e-02
6.283813765032039700e-02
6.556598011637185253e-02
6.594063644359338117e-02
6.741480562723896341e-02
6.577233753447649101e-02
6.527326500285308974e-02
4.891109398591231283e-02
6.757062996834239943e-02
5.206345016018228133e-02
5.457326870167508726e-02
5.972296490561408711e-02
5.589570562074398091e-02
6.611429386227810068e-02
6.373455601773934942e-02
5.985574108168687651e-02
6.411511702997228779e-02
6.490858076502079022e-02
6.626942232378289777e-02
5.570051929955362191e-02
5.991116317222438398e-02
5.582033640085616588e-02
6.794257019134253284e-02
7.543821854901933133e-02
9.050856219904658551e-02
7.101774340536697039e-02
7.105874745579414398e-02
6.184012783972796246e-02
6.338775644637134610e-02
6.609523620757694340e-02
3.651000956939715048e-02
6.592823178640863646e-02
6.576589627441299657e-02
4.934174372352879978e-02
5.945784906820759247e-02
5.761074903401021408e-02
6.487419728723826939e-02
6.491478336816122741e-02
6.598127424803877650e-02
6.433335779672257060e-02
5.994486845669142611e-02
6.864673315624743311e-02
6.573404304289311162e-02
6.497810097111327010e-02
5.985174182495690137e-02
6.862629732384109560e-02
4.111588189356082945e-02
5.890284839052890853e-02
6.807234279983689906e-02
6.685859029480348270e-02
6.771550208059164133e-02
2.926098432969749877e-02
6.608369110419970438e-02
3.330085504682802483e-02
6.657714386506556614e-02
6.109432242648476369e-02
6.280580521119737136e-02
6.185798722720502185e-02
6.164710683518156986e-02
7.346464634298881247e-02
6.624939454219401502e-02
7.148375966010486748e-02
8.347443164602683097e-02
6.817398704682797739e-02
7.702918593740731845e-02
7.847533275444271150e-02
5.815582521813211087e-02
7.745611448232665730e-02
6.745641976919729277e-02
6.677381101655592566e-02
6.575915150668572295e-02
6.929003112260913311e-02
5.948142485011143760e-02
6.008596230512091435e-02
6.962514341109181382e-02
6.626425663279923717e-02
6.151220134458192101e-02
5.929259643859316475e-02
6.468803670369366321e-02
4.236518509773344598e-02
6.575962457268283434e-02
6.597484257138500063e-02
9.473281821169846073e-02
6.437313520542682632e-02
5.825365526690985674e-02
7.516457394010452042e-02
6.782785096470192454e-02
6.332869200885241079e-02
6.414125755707091037e-02
6.629494216745138169e-02
7.081340331016856837e-02
6.546230863959849600e-02
6.601505886986484828e-02
6.752425301622266840e-02
6.382446401515476375e-02
5.261931581427497367e-02
6.560607210118817034e-02
6.373142116486957276e-02
6.311492604645510540e-02
5.132120761986040669e-02
5.930349835368529943e-02
6.772954820185868308e-02
6.689932014098548541e-02
5.878349576107472219e-02
5.703491743291613791e-02
6.942012800482762203e-02
6.058416591340412549e-02
6.577510635788955118e-02
7.172530615657195241e-02
5.483031298363638673e-02
7.107898713892622788e-02
6.562654739336586107e-02
6.615209006465189168e-02
7.098662068088304467e-02
6.765879370526080294e-02
4.995641593728188112e-02
6.425753332651884531e-02
6.569363723959506518e-02
6.245212309860238148e-02
5.945510994210229799e-02
6.550683541415382172e-02
6.515653842180142707e-02
6.976029610517595070e-02
6.603713724570979549e-02
4.407709719790670055e-02
5.664161176633141642e-02
6.610599635135142038e-02
6.760261255343574804e-02
8.644316544570300465e-02
6.623222111430981940e-02
6.682340988990574659e-02
5.939419872038408099e-02
6.382194704690252740e-02
6.905043301150558255e-02
5.560094271315452891e-02
6.550704917546609773e-02
6.156632027807426577e-02
5.400991668329493262e-02
5.899767364549657334e-02
5.819110023239750656e-02
6.515414968317259636e-02
5.191264982531199751e-02
6.249039739957216316e-02
6.448748658325412220e-02
6.511096240814980007e-02
5.522670155874815495e-02
6.994689827351505129e-02
6.544701904871169651e-02
6.578183145579376279e-02
6.473571747892585548e-02
6.073197345943256997e-02
6.818604034746038323e-02
5.802403751201147541e-02
6.536138516392912823e-02
5.311107817295199207e-02
6.377396047709736615e-02
6.435718597006111208e-02
6.850635081787148639e-02
6.746181569698124492e-02
6.937887369730327825e-02
6.715313282609296219e-02
5.772635491136556690e-02
6.579913583602849114e-02
6.585585351562286971e-02
5.656826899024514077e-02
6.661666288167866767e-02
6.440566807522615789e-02
6.467160345024668133e-02
6.060578841739562572e-02
6.312784249251134072e-02
5.710429109996056907e-02
6.974148939682381365e-02
6.448171404594288392e-02
6.603438205098276226e-02
6.609692288178145581e-02
6.374463683603642794e-02
6.542327390229753237e-02
6.828231598244821621e-02
5.791695992585933761e-02
6.534980989491184777e-02
6.706558495381995111e-02
6.579028653635708712e-02
5.595626094342282669e-02
7.020465709066542326e-02
5.845234944287577838e-02
5.095162129162975756e-02
6.117999624604840425e-02
6.545683677437451331e-02
6.496732246250598586e-02
6.491262420920614062e-02
5.876782954095353950e-02
6.806761178455655870e-02
6.378273616170775095e-02
6.453315498480849399e-02
6.535881641168138356e-02
6.560506297751446392e-02
6.588304249047781391e-02
6.425710018926004963e-02
5.874355473438282876e-02
7.236862775430538686e-02
6.832213683816959482e-02
5.708611678240998327e-02
4.372234062869106291e-02
6.387288999051624061e-02
4.260919130314964193e-02
5.684681270867657926e-02
6.790686909722364051e-02
6.884230580428740698e-02
6.621495061880008914e-02
6.196901238309513588e-02
6.195001460927741094e-02
6.713184910534167327e-02
6.344931834397905812e-02
5.592117650748575780e-02
5.632211471115602941e-02
6.313660052753812535e-02
6.726218795983841814e-02
5.888969750734499714e-02
6.579611109747228459e-02
6.585358018227283061e-02
6.711263381461804456e-02
6.663497037222854136e-02
6.622813640618990805e-02
7.138101644768810039e-02
6.955675616373083181e-02
6.598614484937741220e-02
6.320319494301293584e-02
6.526652857358765381e-02
6.670581084461739418e-02
6.655394412528829740e-02
7.995915786196154673e-02
5.518895716971333049e-02
6.504005941528043233e-02
5.722182391309998950e-02
6.598691336410413000e-02
6.468069590683833692e-02
6.962384866767443170e-02
5.079913510029764739e-02
6.949318037914624380e-02
6.503757989990788246e-02
7.099449904100403608e-02
6.678739004830128168e-02
6.315568992769975132e-02
6.537808096267179458e-02
6.423434792331725318e-02
6.603136040026243159e-02
5.163680973494794157e-02
6.727596746997865917e-02
5.951510190042262616e-02
6.679920046381025711e-02
6.594654672919859906e-02
6.841631937092892968e-02
7.943631848624534142e-02
3.618493397722345045e-02
5.019953446265094238e-02
4.612010018365216707e-02
6.064975671503300414e-02
6.274511365990613487e-02
5.649231321323200383e-02
6.535263329378034058e-02
6.915283969620374116e-02
6.572397662106325977e-02
6.652652837415444498e-02
6.033471047928447295e-02
6.446959660597983977e-02
7.160614237697091045e-02
6.585841389101088073e-02
6.146639748496998679e-02
6.376689274715763300e-02
6.066956751504981593e-02
6.352448815215851197e-02
6.623484844836420582e-02
6.611401398868844981e-02
7.040158788095907116e-02
6.586955751521217373e-02
6.579395496497845996e-02
6.678820755786984975e-02
6.666140630069170014e-02
7.621448578018534536e-02
7.371299281948003046e-02
6.952350909580960747e-02
6.562174892200620113e-02
4.659172106985743494e-02
6.443554722428782022e-02
6.555920211029948874e-02
6.480574764271797295e-02
6.639559620158982933e-02
4.576502216279015184e-02
6.639537986831424432e-02
6.437608321121471300e-02
6.186236021782204331e-02
3.972105974827622177e-02
7.331174604695687991e-02
6.645141158421938310e-02
6.463028271013172843e-02
6.427110642526974449e-02
7.068546494789230972e-02
6.031801516090060794e-02
6.457188795770110734e-02
8.423076023938010082e-02
6.580345369412557432e-02
6.640984126060910098e-02
6.552540521306191024e-02
6.461393424837676147e-02
7.439892567115073685e-02
6.620313798902924263e-02
6.609133012614225311e-02
6.410695831756085816e-02
6.453478824647489176e-02
6.409107212044055923e-02
6.109402302099144894e-02
6.537663877562917281e-02
5.942697746574630846e-02
6.220707727483271166e-02
6.599616044762200706e-02
6.668900552964300565e-02
6.148416510563640275e-02
6.063352658333033551e-02
6.474069547562817661e-02
6.020545890424598701e-02
6.864150935134252784e-02
6.627232685131217993e-02
6.824529284431735121e-02
6.648938611377143426e-02
7.041071145536655085e-02
7.887111086423448381e-02
9.010282854100813699e-02
5.685226798521801628e-02
6.416213140019437489e-02
6.577057313562921503e-02
6.356581763816061825e-02
6.293464573035516263e-02
7.580623242402158291e-02
6.624721700879769581e-02
6.540730544488213005e-02
6.658036795616696646e-02
6.130839781788324783e-02
6.954742411222050724e-02
6.742615930480508335e-02
6.289087408230477350e-02
6.595368292899729534e-02
7.061531481391647436e-02
6.992303029303495454e-02
6.253766807226275593e-02
6.615837735902523054e-02
6.703059179190221095e-02
6.565092583677344107e-02
7.152653245442523733e-02
6.559256324489995404e-02
6.670580826875410763e-02
5.913512370991601264e-02
6.591757724746893921e-02
6.546593367014981457e-02
6.545149981476496015e-02
6.471830560694617762e-02
6.605285388963075266e-02
6.538317474985541611e-02
6.053098932481902616e-02
6.205073883172973481e-02
6.981231696675992138e-02
6.667563718992723654e-02
4.959464943899242334e-02
7.110208855624491897e-02
5.237718983747789020e-02
6.438589581059496469e-02
6.209026794489391071e-02
7.251801782982007782e-02
7.131566534317011763e-02
5.335910789856978392e-02
6.618337052722189640e-02
7.817139175934230411e-02
6.426044024033801538e-02
6.567654394624336534e-02
6.960534974157624177e-02
6.409568997895011278e-02
5.905120327746042619e-02
7.111699618514935595e-02
7.375340830138076009e-02
6.240045324209922417e-02
6.898695573494187383e-02
6.367745921371036066e-02
8.183332458397862830e-02
6.448327880824657188e-02
7.164714691061876972e-02
6.651388697687586615e-02
6.597506346506280817e-02
6.982685639439199787e-02
6.206832319190783154e-02
6.224369245061434769e-02
6.298206487928389996e-02
6.326702729985900220e-02
6.905690694808631902e-02
6.402774330705647554e-02
6.618777162987059259e-02
6.636577198747305173e-02
6.567706083002908257e-02
6.524736790188936930e-02
6.581724155937231091e-02
6.522888047718032600e-02
6.641876754490530499e-02
6.375682660498664667e-02
6.686336056027106234e-02
6.512712877254758781e-02
6.196821403634810571e-02
6.494422442085157066e-02
6.563926959543425754e-02
6.837962827524642073e-02
6.702086161890653815e-02
6.839344428468638326e-02
5.891632573137332851e-02
6.569455536986755495e-02
7.186770265100143884e-02
6.804247633814074214e-02
6.540865582928044597e-02
6.793569880057193089e-02
6.112238211246773245e-02
6.509729079080493752e-02
7.937509776739647138e-02
6.588709423604617588e-02
6.638245158581554395e-02
6.972890713712326383e-02
6.853880848437982065e-02
6.668397357936302339e-02
6.682685867193907669e-02
6.819733060264009106e-02
5.417873271051762418e-02
6.118914630250328612e-02
6.068534406676848181e-02
6.343822960685924217e-02
5.606958868625166320e-02
6.830148856219081521e-02
6.597814698553323975e-02
6.628221921531550487e-02
6.433438629977107637e-02
7.217951099054298325e-02
7.401772184172863978e-02
6.553682409445794887e-02
5.922911561096994709e-02
4.813300399098543320e-02
5.789286234918497587e-02
6.623956889875527720e-02
6.558250447722267784e-02
6.706888766699520277e-02
6.871427685111750061e-02
6.630725515815265314e-02
6.291416520499852616e-02
6.204927121248796085e-02
6.290123445654166590e-02
4.624787812896687111e-02
6.572908939949265172e-02
6.699226389515965108e-02
5.605749255964516398e-02
5.550310089887702802e-02
6.994601062827097981e-02
6.513271701532034885e-02
6.266462017152657493e-02
6.527824093097608915e-02
7.402526185902119638e-02
6.691595171822943555e-02
6.215752999752130470e-02
6.501088203532015553e-02
6.685914794871422595e-02
6.593347599008582416e-02
6.454683938822623757e-02
6.247160943963955132e-02
7.065434260232493491e-02
6.381786239977585429e-02
7.689973390874307868e-02
7.399215484521523556e-02
5.273578709157075717e-02
6.834534768125376247e-02
6.669178820688474729e-02
6.349824705944316638e-02
4.982787452025461139e-02
6.594915727066799627e-02
6.632094165541628505e-02
6.565419355934620782e-02
6.850572727042285315e-02
5.951176965961247484e-02
7.361709826329068673e-02
6.150052704005484067e-02
6.918396958015658738e-02
6.674972411956008045e-02
4.922628545574937731e-02
5.949428820056592432e-02
6.442702002335103095e-02
6.612592169457616464e-02
6.561560034434653355e-02
6.892170298954300445e-02
7.506155423418120476e-02
7.136925440672520216e-02
6.839266134808513753e-02
6.576390485934788255e-02
7.277037024208339588e-02
5.028558972433849056e-02
6.677103881544495245e-02
6.604441483160584936e-02
6.232428094915423711e-02
6.827647779400529415e-02
6.047435276807849869e-02
6.215414261638475130e-02
6.364264804157673816e-02
5.629710678356911885e-02
5.469908396506877046e-02
6.641247010155862385e-02
6.551097686097819006e-02
6.752624082349963086e-02
6.470693839506434786e-02
6.535063565515673856e-02
6.857838142245302471e-02
6.630519408585630603e-02
6.616117874696475498e-02
6.882266985598776976e-02
5.328703750376732190e-02
6.426710605448070213e-02
6.628765570822524322e-02
6.475911361776816311e-02
6.840298947424189313e-02
6.565527385889347034e-02
7.035615953507390330e-02
6.676636908520965086e-02
8.149784904437212818e-02
6.533463418439566794e-02
8.117764370098302928e-02
6.562689710498635642e-02
7.338072692825779730e-02
6.549403019542117399e-02
6.116695417003322616e-02
6.265810617150290029e-02
6.574300939479701955e-02
6.617665656783537631e-02
6.757065350230365142e-02
5.088233531832481171e-02
3.134779333712985061e-02
5.840862419956314305e-02
6.409930892021467597e-02
6.365417047406339568e-02
6.002819836391667246e-02
6.383271924895106419e-02
6.606546571193663842e-02
6.610082052520302454e-02
8.294244815413294447e-02
6.449861269118599416e-02
6.597374987633794485e-02
7.320094197895028743e-02
6.556950199506536570e-02
7.422910599876252069e-02
6.480682015518329786e-02
5.598762973142015764e-02
6.076929797975085673e-02
6.583034948218384474e-02
7.897163408883947633e-02
6.574028838360843063e-02
6.238242254368599887e-02
6.545991165141400170e-02
6.118741479124858995e-02
6.584594212721880946e-02
6.851552522596858485e-02
6.224254382473132230e-02
6.660663289470374060e-02
6.456172776722547690e-02
6.836924778525252377e-02
5.729842264791372430e-02
6.908834095149919696e-02
6.552753126156790620e-02
7.251166032984675269e-02
6.943306314165785531e-02
6.670078805055192073e-02
5.670346676137550529e-02
4.251375777099648118e-02
6.291361736868689158e-02
5.998354762595977524e-02
6.152114159321187686e-02
6.811501779761273967e-02
6.582702554615939283e-02
5.953551298025708954e-02
6.079231441175848849e-02
5.385904575324766685e-02
3.873386852140191933e-02
6.597715049846676616e-02
5.646360741302173386e-02
6.371407418132082889e-02
8.030674957404326797e-02
6.645570179200864513e-02
6.668746231411043501e-02
6.410231116963636955e-02
7.635571466076997160e-02
8.206381900394298101e-02
4.821258560086294498e-02
7.010011726199018300e-02
6.485404652855024377e-02
5.589136742003571190e-02
4.447073893771116143e-02
6.684418057949485792e-02
7.395658867583108920e-02
7.651363053028904793e-02
6.337867161360485890e-02
6.597785755388524409e-02
4.740486619181431827e-02
7.180742314601802623e-02
5.741355046639709525e-02
5.894161274103336401e-02
5.981748117353361677e-02
7.266626342718322806e-02
3.383148628832419874e-02
7.541808790788123718e-02
5.523570137927075185e-02
6.076167814401453593e-02
5.240406835373980637e-02
6.652135864352307082e-02
6.585911806530851675e-02
6.044473834286372832e-02
6.415979685719255809e-02
6.262936920888832748e-02
7.048907152239494711e-02
5.669477937119344474e-02
6.245177189376256016e-02
6.618654991789631181e-02
6.444789535302829220e-02
6.594873615713453541e-02
6.522005676764398852e-02
3.709264594083237776e-02
6.338540383134483314e-02
6.693351165278202397e-02
6.455217918824633638e-02
6.542441948017145570e-02
6.987694003910019380e-02
6.499608111331485472e-02
6.449898622397139125e-02
7.123150005686296193e-02
6.119877839998145302e-02
6.741478146669288574e-02
6.492875328353242548e-02
7.164284389916371343e-02
6.607060998015579223e-02
6.785300482163907076e-02
6.728191600307187326e-02
7.268862199860559592e-02
6.878801914817164742e-02
6.952784675477761966e-02
7.661590284296600217e-02
6.574726539651244706e-02
6.591110667830440972e-02
6.917090056386078489e-02
6.690577862789477692e-02
6.576449038033038708e-02
6.549825584936240508e-02
6.058386612576636965e-02
6.724181709871629442e-02
5.656550333502619737e-02
6.003975778266763819e-02
6.024799874515750914e-02
6.686475878186338984e-02
4.339504719538538058e-02
6.213832422857618748e-02
6.494959921712548101e-02
6.603009895354235159e-02
6.719574681349639589e-02
6.658130521866907625e-02
7.108558154112960825e-02
6.629026157148437681e-02
6.643733788769511095e-02
6.569808823114807461e-02
6.657611251211276171e-02
6.674637814464051688e-02
6.361610861299410447e-02
6.431471259443934108e-02
6.644258885238710222e-02
6.575571027657041434e-02
6.236925774839374020e-02
5.724840362884787287e-02
6.415575282951294089e-02
5.429443181944841601e-02
6.082499391136582390e-02
6.651070693465636896e-02
6.163224945177778885e-02
6.676105270019612459e-02
6.839608470972873000e-02
7.538214943881701990e-02
5.383075917805549976e-02
7.331550811877096674e-02
7.200514565900836828e-02
6.366581745455823782e-02
6.455093819465448912e-02
5.663176011483910671e-02
6.527974231125434346e-02
6.463620127427763262e-02
4.980372027576801530e-02
6.332300013871920707e-02
6.851755985365771962e-02
6.541403696550597557e-02
6.434157388723406312e-02
4.179323674202777006e-02
6.629918707338000594e-02
6.212755282334250090e-02
5.757080462877681160e-02
6.115927545425081657e-02
5.727886122755471154e-02
5.934789122478157514e-02
7.493666380653374315e-02
6.982485325445490776e-02
5.630997279145037726e-02
5.915087075307175202e-02
6.549016155979235643e-02
7.030516251606987177e-02
6.587049108573067580e-02
6.778710192250603228e-02
6.557887574521777119e-02
7.311571429548846535e-02
6.538334672989594420e-02
4.291388890359328773e-02
7.306779150441508608e-02
6.998831453644330236e-02
6.605834067242356833e-02
4.488937794918929081e-02
6.445254066555687611e-02
6.708395000715375311e-02
7.604292627878168898e-02
6.669437717074261363e-02
6.605594522879419672e-02
8.306538536179651488e-02
7.892092876839887361e-02
6.625702758247642432e-02
7.513296119683739172e-02
5.582060078402648062e-02
6.486928178860712491e-02
6.574619632944914138e-02
7.037525566168444102e-02
7.434789864475745136e-02
6.647934533062116458e-02
4.258578733311454978e-02
6.955589047254008561e-02
6.216877081681830564e-02
6.530958082918832119e-02
5.446955176899340861e-02
4.897559749697902309e-02
6.518003750934572849e-02
6.671568744160691344e-02
5.889339514918744828e-02
6.592827654281301075e-02
6.510037047888816986e-02
6.594182778619081531e-02
6.966599879408388873e-02
6.646080887631501677e-02
6.662655218823179681e-02
6.717841258569817731e-02
6.697861542296439097e-02
6.591659415766704111e-02
7.527592791251462578e-02
6.639993356546289305e-02
6.312518819950169169e-02
6.667304240609231436e-02
6.691958977459565305e-02
6.668042724279545086e-02
6.645559183004892678e-02
6.992141142154453815e-02
6.633285291959004071e-02
6.538024177357307232e-02
6.827256013870196261e-02
7.030706221033154735e-02
7.957751066413948360e-02
8.220304990292823244e-02
7.658098279430093636e-02
6.817285513634942229e-02
7.091521155464765303e-02
6.200669324175030889e-02
6.640466673404429865e-02
7.787342111956505053e-02
6.400500468350335537e-02
6.515326433750433244e-02
6.651072150665610083e-02
6.622409599607352593e-02
6.857407957366422335e-02
4.465408660803056595e-02
6.953220708841019448e-02
6.662276849676981860e-02
6.534803608340843117e-02
6.409677917947129155e-02
6.606434037162876860e-02
6.647291534561886039e-02
7.286803720581989940e-02
6.572452340810711058e-02
6.112380405737820321e-02
5.285783540069334541e-02
6.986219579835553639e-02
4.792886777239063062e-02
5.649325844159455018e-02
7.436873543983293922e-02
6.613428638979154672e-02
6.066691052019531488e-02
6.404453997047020175e-02
5.693167734093871474e-02
6.627348804536682680e-02
6.863771322205169945e-02
6.607272300685067268e-02
6.613828481288742955e-02
6.603075314076288505e-02
6.595233739892336633e-02
6.010032972943844809e-02
6.640066696022345338e-02
6.975489501639572931e-02
5.336805002438394646e-02
6.734964681942333387e-02
5.929682500729247657e-02
7.918012638154557636e-02
7.041366752350250446e-02
6.678687451779828643e-02
6.555646106454908473e-02
6.376759807039619754e-02
7.421358770333366661e-02
6.604289653957469419e-02
6.696605674950495413e-02
6.346810048335228827e-02
6.555577634809019172e-02
7.192373699052551084e-02
7.187026981282348959e-02
6.529480702693055139e-02
6.456904196673056429e-02
6.775996682335755361e-02
5.813590949873392172e-02
6.088524699335570028e-02
8.396912157894267925e-02
6.724422237079820397e-02
6.200470689607594926e-02
6.921725578639047194e-02
6.758455596459449211e-02
6.467711623845712188e-02
5.213889661740249426e-02
6.556504034670609937e-02
6.719944225279463057e-02
6.705718659928348868e-02
5.856954374188380608e-02
6.598640882282540143e-02
6.882755903829423927e-02
6.669767915663012137e-02
7.032719801168589580e-02
6.101664957072820694e-02
5.907452182556164472e-02
6.582507580481958276e-02
6.712608012543072600e-02
6.558879958204540117e-02
6.681257044913269105e-02
6.507294707914591803e-02
6.999277874326388649e-02
7.048443148414275383e-02
6.794242036422692976e-02
6.684595331095037618e-02
6.509666892595479537e-02
6.123858976727451081e-02
6.807103878966978827e-02
5.992540907934819361e-02
3.365911662043967467e-02
6.679704137124922725e-02
7.911617032492794521e-02
5.820425218659069228e-02
6.682916690263250581e-02
5.362083149563663664e-02
6.534222539490365522e-02
6.358059769994268973e-02
6.550694254977024178e-02
4.299803938488511168e-02
6.797866419687161044e-02
6.725488008003706331e-02
6.678544843906085438e-02
7.512464528910077488e-02
6.599003915120063568e-02
6.330604274960459354e-02
6.851177449616328852e-02
6.554797568869627500e-02
6.178813386715353156e-02
6.878567187743388212e-02
7.376071066071117344e-02
6.111309849886346901e-02
5.641133635690833564e-02
6.428892349574831522e-02
5.632063090715730413e-02
6.451767847680613122e-02
6.721204959684647096e-02
6.679068141559006688e-02
8.891386622976574228e-02
6.354195477719290497e-02
4.540813053645447600e-02
6.029645544971034415e-02
5.602330083221887524e-02
6.335981299798600086e-02
6.576500642927773921e-02
6.131594632554031310e-02
5.531809577606531386e-02
5.893752814469395418e-02
5.957849765948035337e-02
5.501861717972737764e-02
5.659255818688135181e-02
6.432778933460585324e-02
7.404565511383071064e-02
6.597671735381230307e-02
6.844376010660235821e-02
6.822127998470101096e-02
6.836871331992055989e-02
6.399038203735303576e-02
6.496976227638033563e-02
6.338824043236966632e-02
6.604679053271050870e-02
6.307815560655800902e-02
8.625992422525874392e-02
6.922516705991488273e-02
6.576568929814130549e-02
3.922610819387663955e-02
6.340870930050741816e-02
6.488390763643989145e-02
6.517113782934678967e-02
6.481515683830761654e-02
5.820593093427061521e-02
5.621137421668592066e-02
6.729076338774887811e-02
6.363172531852222258e-02
7.062686601269776987e-02
6.602087006124252033e-02
5.972985167782679516e-02
5.891653270071345316e-02
6.646170856353725287e-02
6.170470403767343986e-02
6.304166216784039267e-02
4.178654148765434395e-02
6.489035499108487814e-02
6.570267737493298843e-02
6.635246310428384586e-02
5.588472829441414741e-02
6.301259609768658509e-02
6.872486934684830795e-02
5.964953193924573543e-02
5.960194113184037745e-02
5.283917105588328833e-02
7.329094655514839518e-02
7.079622742300749338e-02
6.782631906387265319e-02
6.561787272125554904e-02
6.753801693547081819e-02
6.790821580634542887e-02
7.143048884808264609e-02
7.255921541629084537e-02
6.617388759689227240e-02
6.363395990024793558e-02
6.457935535050030040e-02
6.355310438027815534e-02
6.432093268046348844e-02
6.295437433771264302e-02
6.650452448857926968e-02
6.952488293629661975e-02
6.936319312090259703e-02
5.705014940847045329e-02
6.700724111162356667e-02
6.622164133296692956e-02
6.456227901816179171e-02
6.555112430611356733e-02
6.091186415427538720e-02
6.325361609078442027e-02
7.239328569499761667e-02
6.797855323342559541e-02
6.611176957104955565e-02
6.639865418847898382e-02
