4.918521667068886938e-02
3.039629366526366144e-02
3.153341685508804365e-02
3.159269781173469627e-02
3.127393783457161486e-02
3.032600954836549637e-02
4.797150584420017266e-02
3.951255830628868509e-02
2.741917485110372671e-02
4.631870500266042218e-02
2.813448580946813216e-02
3.131564480063003114e-02
3.859739737164762097e-02
4.007878759876754710e-02
3.067726226583691873e-02
3.660438277589119632e-02
2.925115472699811592e-02
2.337286503304704735e-02
3.044178869878122473e-02
2.158791552090753851e-02
3.133770100958502280e-02
3.236849313113472626e-02
2.789528873041952420e-02
3.074664787730497020e-02
3.166049654292575621e-02
4.105150441502120745e-02
2.681239563141454146e-02
3.399060946987498416e-02
2.949617687488747045e-02
4.271629471979419140e-02
3.094616585782973550e-02
3.031433372221407560e-02
3.342904098084507891e-02
2.990698011361642844e-02
2.844546186843897873e-02
2.715307600013618441e-02
2.065350355393730242e-02
3.150818588077460014e-02
4.093422811784896281e-02
2.498526922331728573e-02
2.121147833538090943e-02
3.028045358644277860e-02
3.277669070882811841e-02
2.651338633189713814e-02
2.847883698472900363e-02
2.518222393449031163e-02
2.634601992011936095e-02
3.440428002709526589e-02
3.051790071320518646e-02
3.432516222302826880e-02
2.958469699587030349e-02
2.469279167935952909e-02
3.365138995810170591e-02
2.836134935493405188e-02
3.119545804827282900e-02
1.852131592772441118e-02
4.105583885014468110e-02
1.060202587601975603e-02
3.207847276195512076e-02
3.155439668130959746e-02
4.325655189725520489e-02
2.800161527100576003e-02
2.630476200880136131e-02
2.189763615550874981e-02
3.299648242762979328e-02
2.463413677242648481e-02
1.850024346015833460e-02
3.062287753764834919e-02
2.849761898474433702e-02
5.083129986647821896e-02
6.671214497681277056e-02
2.725874892669040428e-02
3.552910675130029061e-02
2.305360217089555061e-02
3.333556501896860896e-02
3.032612156383038965e-02
2.161728163295153701e-02
3.793982613921280389e-02
3.449589710793624087e-02
3.235063837706607381e-02
2.957460369573912395e-02
2.792079957149225591e-02
3.071882414462246205e-02
2.891822622958565084e-02
2.761616986432939569e-02
2.602481129022734402e-02
3.186411194653158280e-02
3.444685263738335446e-02
1.930847921657907057e-02
3.210733018482335444e-02
3.832405368459030487e-02
3.079494846031158653e-02
6.071578107980758060e-02
2.651597958806898442e-02
3.833110926787281630e-02
2.973520273825609045e-02
3.124240440450343909e-02
2.887570059493381469e-02
3.030875238416293888e-02
1.991288687857336107e-02
3.059243526402953203e-02
5.027715629195452646e-02
3.130911760606441829e-02
4.703989676365773892e-02
3.971334157515888502e-02
4.317070951355536645e-02
2.051027997681850387e-02
2.779960550774784878e-02
3.493595185429226868e-02
2.686543137893010469e-02
4.224449167995519838e-02
3.802459948138830342e-02
3.003811383559696485e-02
3.502797254407066102e-02
3.241444012782671025e-02
2.855534667181073780e-02
3.122131835017384963e-02
3.287119988249228436e-02
3.362950519364548557e-02
4.372374645092391710e-02
3.322850744339979345e-02
3.231438837525699159e-02
3.255285420775047567e-02
2.928209231474101365e-02
3.780422397284324137e-02
2.980526476856546619e-02
1.623092053201817889e-02
3.130058481437670431e-02
3.160375262089799853e-02
2.904300400216424868e-02
3.260550783738173225e-02
3.255697973764798414e-02
3.790450549030678629e-02
6.708069695469526250e-02
2.961440364128580319e-02
6.675826967854057992e-02
3.208163919366897876e-02
4.098299074354341820e-02
3.991726196220903716e-02
4.382767122631204409e-02
3.896339120931101990e-02
3.703706359360960793e-02
2.883608274612450145e-02
3.067948077800938811e-02
3.029964028058256681e-02
3.231381712170921378e-02
3.253247294028988046e-02
2.783428744280651290e-02
2.579913677492809768e-02
3.949538659349841746e-02
3.218510141465536628e-02
2.457530501434369505e-02
3.112822324257158088e-02
3.212782260795042644e-02
3.352073424005823366e-02
2.061056351502683209e-02
3.505877676469985188e-02
3.386271996234287152e-02
2.507322422730003803e-02
3.459884099160722565e-02
3.286543470610133605e-02
3.554001072047009019e-02
2.403125718294011129e-02
3.280305611749162464e-02
2.527031937068792075e-02
2.878390581509046933e-02
3.950132061283188195e-02
4.159004150317355958e-02
1.968496914743086273e-02
3.409681273430762577e-02
2.449463958023820678e-02
3.511214579419708742e-02
3.324839048535246921e-02
4.363868931933737733e-02
2.672174305552385554e-02
2.796311036601990818e-02
3.619704368547950468e-02
3.055584130295734696e-02
3.461609615701483067e-02
3.291695199970648411e-02
4.209270096721962062e-02
1.868989375611405934e-02
3.690961153931782840e-02
2.944672465547937962e-02
1.725594004525488057e-02
3.322575432300483439e-02
3.101630662890606654e-02
4.097327051232948353e-02
3.389903429091244841e-02
3.121692609271379398e-02
3.566124728282504819e-02
2.663660072815815863e-02
2.572362314634479841e-02
3.534228567703358304e-02
3.640983668915009214e-02
2.890468222615654587e-02
3.833960334363341327e-02
3.506495523637535860e-02
2.965666783783729027e-02
3.155942147526721170e-02
2.193294388900099076e-02
3.172784731214539633e-02
3.719266188820780084e-02
3.287775991334317138e-02
3.139959832021548686e-02
3.176287796165311317e-02
2.259347579761956590e-02
3.073084577084151878e-02
2.421705586916957087e-02
3.009314558454462968e-02
2.376852141545197222e-02
3.233623863317876268e-02
3.802222253054221568e-02
1.832633220231426330e-02
3.093429639923169980e-02
2.756761996619122232e-02
2.739079075414268052e-02
2.747609581714985719e-02
3.531710117617375272e-02
2.878148891089435391e-02
3.143241595173909553e-02
3.040620309255933490e-02
2.547837431922721912e-02
3.061762278884425786e-02
3.148034180391610926e-02
3.227523832625216887e-02
2.201017834916107682e-02
2.924797926939264048e-02
3.077097023950633656e-02
2.582173460392004141e-02
3.104711785503668636e-02
3.548958898942536355e-02
2.990906768006149075e-02
2.254890290867443345e-02
2.663139868070938873e-02
4.022713378289602404e-02
2.083423203552275255e-02
3.038347841030120469e-02
2.888367590601721019e-02
3.664855849408906602e-02
2.596152159942268639e-02
3.237989177824290854e-02
2.753788358672449449e-02
4.024408507028526955e-02
2.113879359930941754e-02
2.828881480913812002e-02
3.219476564038589034e-02
5.089228958254650437e-02
3.078453440612289455e-02
2.204999657181378261e-02
3.134151675912566493e-02
3.127866671225257994e-02
2.994676961582346322e-02
3.036010124886002678e-02
3.519317981250857236e-02
2.438739050634524536e-02
2.747039687690597948e-02
2.793270223802795868e-02
3.581326688368972888e-02
2.959350569465081168e-02
2.448035839367702915e-02
3.060330675920993129e-02
3.035867919489387834e-02
3.261987495378138036e-02
2.512376941610749981e-02
3.108947615683767957e-02
3.095774389100855103e-02
2.952227411911819907e-02
3.967027340343701192e-02
3.373225610265494917e-02
2.317257301181151891e-02
3.266657709490794481e-02
3.303856061894604873e-02
2.969198488890605753e-02
2.681676833979521404e-02
3.854548372654130473e-02
3.502786979981595966e-02
3.527011688784181809e-02
3.160783383004207164e-02
3.128448169165610332e-02
3.297265221327551343e-02
2.861115049128696089e-02
2.415957317819217645e-02
3.044358666832476523e-02
2.545921540272039554e-02
3.137448190929358061e-02
1.559003745960912783e-02
3.178926462675177311e-02
1.724792126875698828e-02
2.652321653912619037e-02
2.838782010647648499e-02
3.560202793103672131e-02
3.000685893708713442e-02
2.969007032910717103e-02
3.436939637992993124e-02
3.284219134603049567e-02
3.223037855634526549e-02
3.111834567334683527e-02
2.638393232803574323e-02
3.640575238398063851e-02
3.235522516314622010e-02
3.193663346156701971e-02
2.914403622037330457e-02
2.903005603255888814e-02
3.055297459182078346e-02
2.990232244562484806e-02
2.486977992477172952e-02
2.218882113656576657e-02
6.229600127771763030e-02
3.414189664203019087e-02
3.078656270514944227e-02
4.252520359333543387e-02
2.694447899926126835e-02
3.891310480728161353e-02
2.425441844897883656e-02
2.107260165463581067e-02
3.191920041830230426e-02
1.497118172634540750e-02
3.226382866297004132e-02
3.598206210052203730e-02
3.009987083669210875e-02
3.588965593295264517e-02
3.163682448121581114e-02
3.183088695909221111e-02
3.554689040823740681e-02
3.011518177022237674e-02
3.089551567582952962e-02
2.664783701957924161e-02
2.356444767007781493e-02
2.524572470641445535e-02
3.117512420228989167e-02
3.059662180717570568e-02
2.511562279789856730e-02
3.581326826387355722e-02
1.552335452033386590e-02
3.166917203977116790e-02
3.479237520476632928e-02
2.804426707675519714e-02
3.319743895870527067e-02
3.232210061058960610e-02
3.143013183627794277e-02
2.663761487393414076e-02
3.174497318726631628e-02
2.919731142237977362e-02
3.052838929601004933e-02
4.136464916568244332e-02
3.276843071669244961e-02
3.055187407753931148e-02
3.416279117447074132e-02
3.202138134128584140e-02
3.498075322422073558e-02
3.016490778915371582e-02
3.978035575862402112e-02
3.125852305546786281e-02
3.268365725099893482e-02
3.752463617491520048e-02
3.106533985846469600e-02
3.160384744838583282e-02
4.234174270923689309e-02
3.393543474875643229e-02
2.472801705327638128e-02
2.372824911975410234e-02
3.329955012825694394e-02
1.959813376654718706e-02
3.099550940059421153e-02
4.448698810311683266e-02
3.543525571431373200e-02
2.885372730665083235e-02
2.581317721287678876e-02
3.263708102488188656e-02
2.203383179006811882e-02
3.069984336448675077e-02
3.695583925056067365e-02
3.145243014915307528e-02
4.057288595848770191e-02
3.176348652268475709e-02
2.416884646422441316e-02
3.254628397911243226e-02
2.947672813920863832e-02
3.507986260245654631e-02
3.539529522021702540e-02
3.805033403309177054e-02
2.941392601352982653e-02
3.281248976362034775e-02
2.865090198491706749e-02
4.083138760256600774e-02
3.643089582934135734e-02
1.515464436422195998e-02
3.281927128447247738e-02
3.073778118629448552e-02
4.169484453587925243e-02
3.013111516078365720e-02
3.846853368202041851e-02
3.039161409949834788e-02
2.769078475224277802e-02
3.450467170280997753e-02
3.091961899403728939e-02
2.754797871804335815e-02
2.959444293120420955e-02
2.458181137980115782e-02
5.042695500492899718e-02
3.007020786860744449e-02
2.078685975593341784e-02
3.509872372580320754e-02
4.019201035056182286e-02
5.397123066519793344e-02
3.074477209645944467e-02
3.055459019835806214e-02
2.090256508062034863e-02
1.572047250193287643e-02
3.083288547035621663e-02
3.362661971241816261e-02
3.081403073055523009e-02
1.603865380565384566e-02
2.198641635838387981e-02
3.170028173170241076e-02
3.981659777579982934e-02
3.786093787067637551e-02
3.247683079141201745e-02
2.489416430258573065e-02
3.889807572193096363e-02
3.116111011591378432e-02
3.111918829717761834e-02
3.532632022856411341e-02
2.658936738543225126e-02
2.587614031346335830e-02
3.095826401211650494e-02
3.934526825775779002e-02
4.041515969131351943e-02
6.462529981884668207e-02
3.349316337001917443e-02
2.098796890072197191e-02
4.098542623912957567e-02
3.157828175376324598e-02
3.018958832536136269e-02
3.222046929411037652e-02
3.825153994353241993e-02
5.055286597852292479e-02
3.204442041183545864e-02
3.023654811653590097e-02
3.098915013573542987e-02
4.138502456790572881e-02
2.811097097501987288e-02
3.017184196444277697e-02
3.373346049107893430e-02
3.093055786699656917e-02
3.127063243174724172e-02
4.068772704910098015e-02
3.110823441371021736e-02
1.281081218482768742e-02
1.667591967426067245e-02
3.345201235074755919e-02
2.088645022369922666e-02
3.257243940454405962e-02
4.677241994544802106e-02
3.335950639870584322e-02
2.928042640381779693e-02
3.426470321403139729e-02
3.128642630049666834e-02
3.201615063450802962e-02
3.220739258682060041e-02
3.379230893285652126e-02
3.454536203769815322e-02
2.673970243879486910e-02
2.583807590579485086e-02
3.152116084500571763e-02
2.758806558811743512e-02
2.892094786734829281e-02
1.326465191951793805e-02
3.087776856957409610e-02
2.073067278100168900e-02
2.640267761926007664e-02
3.079492333180662567e-02
5.736425180263672596e-02
3.375879328938539981e-02
3.006520674900633322e-02
3.198496763063079368e-02
3.244533868968107332e-02
3.470997686075068256e-02
2.685223784072625006e-02
3.024690600268199053e-02
3.260047569761364422e-02
4.470372895018923792e-02
2.541863240753217471e-02
3.152603849896924021e-02
3.574331982312913686e-02
2.827498838243236792e-02
2.897647835025588328e-02
2.556891984290361047e-02
2.418748147151575725e-02
2.173772539991956562e-02
3.383353131079645804e-02
2.642599558405203664e-02
3.226454347070019379e-02
4.423109869681587925e-02
2.857716002797946325e-02
3.169688709413243793e-02
3.942611110731446961e-02
2.720354539995632759e-02
2.888800511015243710e-02
1.829035709289454290e-02
3.036454636611653907e-02
3.116817635841103232e-02
4.472680288026274764e-02
3.314276855539477484e-02
3.157105835662062793e-02
2.795266771293549932e-02
3.487418318989222998e-02
3.397055562652926547e-02
4.780901437854809255e-02
3.069361149236036340e-02
1.563061056862600010e-02
3.006552867363899290e-02
2.879363495953453714e-02
3.178485437292945248e-02
3.398264396130778325e-02
3.318117342384097057e-02
2.751684046446449886e-02
2.678731050749994999e-02
2.248029362983613999e-02
3.971196197019437324e-02
3.159488499366100434e-02
2.356993829185204808e-02
3.212901006162457301e-02
4.403245962822945753e-02
3.087071746824013307e-02
4.051714436400550429e-02
2.847288979923017979e-02
4.544559950424882644e-02
2.386180456375224315e-02
2.876322419467474897e-02
3.568916251667046680e-02
3.236377066513542594e-02
3.460628657737318398e-02
3.197784272414344597e-02
3.402539757974198942e-02
1.549622058043040665e-02
2.616901853947149401e-02
3.029763533675207746e-02
3.084762160846150902e-02
3.149388546776639430e-02
2.985157912991051946e-02
3.066166582713332825e-02
2.723586325956726603e-02
3.606941641711650798e-02
2.190990604104954900e-02
2.319894295362017952e-02
3.058712362323642853e-02
3.210603172481749784e-02
4.243868754972001528e-02
3.002055941446838544e-02
1.345175423587067695e-02
2.938641831026698320e-02
3.667802603330460459e-02
3.380360930063484870e-02
3.049812708366596639e-02
2.815050015164789407e-02
1.944468788561446934e-02
3.045619450593153171e-02
3.298797288972886432e-02
2.751489630654143509e-02
3.573695979661190708e-02
2.411552366775938233e-02
6.836880527343927594e-02
3.065212353247285387e-02
3.997157881280961195e-02
2.333795261641255156e-02
3.825628519361808783e-02
3.068952143053018181e-02
3.167076392591969963e-02
2.835506646622696497e-02
3.111629147474700985e-02
3.300391398180892860e-02
2.513158881743027609e-02
3.153456602219938815e-02
3.087888434876037355e-02
2.771946531472964381e-02
3.384922597554897161e-02
3.139936086800309417e-02
3.462882638393177670e-02
3.284806115549411543e-02
3.074945299560014403e-02
2.746785370022640158e-02
5.598456289953745307e-02
2.947714122619694843e-02
2.821448901642765322e-02
3.562212804171909636e-02
4.181513064155904791e-02
3.035223611355721343e-02
3.326894228983582474e-02
3.893566354177516869e-02
2.234287407845323217e-02
2.923142319299116762e-02
3.218700609243598659e-02
2.926662062235568448e-02
3.176543732971110617e-02
2.802944501414234707e-02
3.072835641908514340e-02
4.816495179739505028e-02
3.397258150883789712e-02
3.866043915662800007e-02
3.164638706677982277e-02
3.082731337469175187e-02
2.706043404051949874e-02
3.075424923704758381e-02
3.506137264199877396e-02
3.117282760282221246e-02
4.399635273359932264e-02
2.065094545653130623e-02
3.161739255261861170e-02
3.627415646446539854e-02
2.862286145262285530e-02
2.089455341544192019e-02
3.241874070538039443e-02
2.190778415597506579e-02
3.135183457158809833e-02
3.411502559051338146e-02
2.945097685809400928e-02
2.967101254959879711e-02
4.112221391502807188e-02
2.574394129197056166e-02
3.352109630270951740e-02
3.053101934408848639e-02
3.417707773068911353e-02
3.249967398631751353e-02
2.950383941133436286e-02
3.404750910092138594e-02
5.389443797956259413e-02
3.127600087746310042e-02
2.919334275451890282e-02
2.805066939497402254e-02
3.126072458371866036e-02
3.291668109660218083e-02
2.796928995867216383e-02
2.949344747344635753e-02
3.120935200524739203e-02
3.189391334645905185e-02
3.066234915506314482e-02
3.220973921651841543e-02
3.229102838791811370e-02
3.087293937913262315e-02
3.351883068652317804e-02
3.064313647491126447e-02
3.326117564972390361e-02
2.784754769353561463e-02
1.600604067742237083e-02
3.743492633811432158e-02
3.149010254770426981e-02
3.358195497286917131e-02
3.389317222711631800e-02
2.903770085732545331e-02
2.933145380755074888e-02
3.071214086380620600e-02
1.337076299433728049e-02
2.790872657241135618e-02
3.320991211208379479e-02
3.080684091813164216e-02
3.032670445830265224e-02
4.002763499618203907e-02
3.871850933157345437e-02
3.145108792953962840e-02
3.660249788468163124e-02
3.402182265730391286e-02
3.712241719705916543e-02
2.804509717542063435e-02
3.218173247091808686e-02
3.154194586264148781e-02
3.632921870723895830e-02
3.115243078664060514e-02
3.072875229616224904e-02
4.184253360662868598e-02
3.217252369391529476e-02
3.055166405217924624e-02
3.044368697837789711e-02
2.775400640219418194e-02
3.174946569929938678e-02
4.724720035622154840e-02
4.034568685838326590e-02
2.749091208799979077e-02
4.123022306308402746e-02
4.010948235763562436e-02
3.654467590427126072e-02
2.911607650862499744e-02
3.113736802080719832e-02
3.183069393095359911e-02
3.775390562590195953e-02
1.448136912222974630e-02
4.279645156572900455e-02
2.928872238163177447e-02
3.107736035076154313e-02
2.383820690487140070e-02
3.051261902791183728e-02
3.066068507101099919e-02
3.724672319780193003e-02
3.161524038987437862e-02
2.422178299676912977e-02
2.936407195554532196e-02
3.366261143131035055e-02
3.304254750136931262e-02
2.986289570787245204e-02
4.238496657985243998e-02
3.399183529138866816e-02
3.211208040023194599e-02
3.024581653536312018e-02
3.037431590169117901e-02
2.495567632939444183e-02
2.481813948630343450e-02
4.131516930997719550e-02
3.322484646238149653e-02
3.540941675108275066e-02
3.119162319246876827e-02
3.212503597280864931e-02
3.003557589119963331e-02
2.635324655634138299e-02
2.777256650042901620e-02
4.454605449167641645e-02
2.620160588225261059e-02
3.002166021310850516e-02
1.787546738637727645e-02
3.438422937044691152e-02
3.768594899556741012e-02
3.201672456864884664e-02
3.486758393090676200e-02
3.080274623839680814e-02
2.815014345613043451e-02
2.348240910019062239e-02
3.195802524012208296e-02
3.794140448856947456e-02
3.470624682578504760e-02
3.353970235400035443e-02
4.283903835965759826e-02
2.667473004668875075e-02
4.233198875042381432e-02
3.828035679548071751e-02
2.880688426511819958e-02
3.068792592472349701e-02
3.179497246667647298e-02
2.946452738750102857e-02
3.475348833540985172e-02
2.346739688074188021e-02
3.012466162942074865e-02
3.262762394285664835e-02
3.057380974557224323e-02
3.884337753466814147e-02
6.500696186700230528e-02
3.190097994893465599e-02
3.021236871206686714e-02
3.241316444182355816e-02
5.128122016166316438e-02
3.130092760799033091e-02
2.456120446484529735e-02
2.987675714285079401e-02
2.591208574698762590e-02
2.023527749074817070e-02
3.297850605858425321e-02
2.772617032357267350e-02
2.956998184219499989e-02
3.207114999058589822e-02
3.604032039738871290e-02
2.291603082518190240e-02
3.286203138623054049e-02
2.797629197339487547e-02
3.600569147642884715e-02
2.578694365738269309e-02
2.919240044200673012e-02
3.303030352999776487e-02
2.929457514377458924e-02
3.017436760327696713e-02
2.815122970887945497e-02
2.362332547116294604e-02
3.111829757425509449e-02
3.642508814643383858e-02
3.592514051521839002e-02
2.871516683931881961e-02
3.516186431168339538e-02
3.705463138017297403e-02
2.547074653102211761e-02
2.741266805150993635e-02
3.941987454336797619e-02
3.275353599101710200e-02
2.432126516262618152e-02
2.987780960968256655e-02
3.708572480778885017e-02
2.823879823251275456e-02
3.392286531971893532e-02
2.846597440704799059e-02
3.300135276942071927e-02
3.548078334676708218e-02
5.231055612318426251e-02
2.512088041564637664e-02
3.889534775726523341e-02
4.373581800970193639e-02
3.161304893824003898e-02
3.672123570016472965e-02
4.707800492111751528e-02
3.191453402292036140e-02
2.735175932031639820e-02
2.460511266456477664e-02
2.909701905291400131e-02
3.824729381296645275e-02
2.614040529243254543e-02
3.713224430219826122e-02
3.669469621191978614e-02
3.074849045622818008e-02
3.143254974917834843e-02
2.292079894462562342e-02
2.924726320725522591e-02
2.580137219407130367e-02
3.043229005582469629e-02
3.085747950443512924e-02
3.368146466834882197e-02
3.372266904079987415e-02
3.097099021344526179e-02
3.063693065308957172e-02
3.634175861070242097e-02
2.366976842448073604e-02
3.128739146924119224e-02
2.634549388016831778e-02
3.061575916661256683e-02
3.306288567839005960e-02
2.575621403087359138e-02
3.826742625148835814e-02
3.172447948142397695e-02
3.618513429922198821e-02
3.197233464162894945e-02
4.512269566299082629e-02
1.894907378403667617e-02
3.023925933340185224e-02
3.131524207259872572e-02
3.331754196160184589e-02
3.533705920733538203e-02
3.062558975511761594e-02
3.095644025649615244e-02
3.510986344940358189e-02
3.140721782294438047e-02
2.896976077211452921e-02
3.254650617373997662e-02
2.987893986928214299e-02
3.132045128996591155e-02
2.975042159665686192e-02
4.475952413353806447e-02
3.282981270033925869e-02
2.888779813169376973e-02
3.658243604860102194e-02
2.619305930864145385e-02
3.124268399192035861e-02
2.868151365446249337e-02
2.567472323912717638e-02
2.600313454688163092e-02
3.320653476540674082e-02
3.261328704858316996e-02
3.352362128791140650e-02
3.509445617207760520e-02
1.803544863062737577e-02
2.392367539082683806e-02
2.921772278444447618e-02
3.240156539887785458e-02
4.386409003816587465e-02
3.111895828440410655e-02
3.026588674929522535e-02
3.331544219137090590e-02
2.941895868129170213e-02
3.210626150159633790e-02
2.623497639639654766e-02
3.672757633850721321e-02
1.864187495224955277e-02
3.479617035866486990e-02
3.996078120118436161e-02
2.261172701801302670e-02
3.618420357655514202e-02
3.632686045988142709e-02
3.668268492572313716e-02
2.940321432816830893e-02
2.255452564318500067e-02
2.777378231634836797e-02
3.239040908102824162e-02
1.936991378446923165e-02
2.215805606933141797e-02
5.780984548235991449e-02
3.287883770355336938e-02
2.540989751183640386e-02
3.152291152849769074e-02
3.684008875222334611e-02
3.140771156734550873e-02
2.420568183225627057e-02
3.948555944337633211e-02
3.076513224718365261e-02
3.824761866238803737e-02
3.469663915015450822e-02
3.932688978556404119e-02
3.011770979779143653e-02
3.222386007791918500e-02
3.423924503495449911e-02
3.825517425089865892e-02
2.819473606722606995e-02
3.276444740785573739e-02
3.291073227973134729e-02
3.474527838859570866e-02
3.886725254117413125e-02
1.861850581423947493e-02
2.828326386430521366e-02
2.754079110081387657e-02
3.073959734281858300e-02
3.272841442261004846e-02
2.094307803503958273e-02
2.906905183212036767e-02
2.101901437477904366e-02
3.386887524367378222e-02
2.741875875647644886e-02
3.354598896649736706e-02
1.770333153931732614e-02
3.677662144732682381e-02
4.501085700979851750e-02
3.060159335681589265e-02
3.136225801998857726e-02
2.817893464130384606e-02
2.316271495889015569e-02
2.629253983623119212e-02
3.206857286978402610e-02
2.704934148450465967e-02
3.230598916372660889e-02
3.131358115705756145e-02
4.394621809682306562e-02
4.779035826532281039e-02
3.501658711235899196e-02
3.053963861692886653e-02
3.606179731782352405e-02
3.222951791819773232e-02
3.199281548849259443e-02
3.757793080687138465e-02
3.843101508638310099e-02
3.751765191490628176e-02
3.957227544144668180e-02
3.174856058879346743e-02
2.070378682507924284e-02
3.301269311321537031e-02
2.727917271951781075e-02
3.571575283117451455e-02
3.027307448086152819e-02
3.545813246987206124e-02
1.783402064404326567e-02
3.284203459757476656e-02
6.060763574057692615e-02
3.704539002206327925e-02
3.084834119391554469e-02
2.697578114211577824e-02
3.127719571555718364e-02
2.366003077656374937e-02
3.041300558016561684e-02
3.085104400231141256e-02
2.566814287331087990e-02
3.218305962143871296e-02
3.509361222393147378e-02
4.129552670066551773e-02
2.978847811036398896e-02
3.925902185748302020e-02
3.508750517539316327e-02
3.098253052549402101e-02
3.605725628493101909e-02
2.946153695261431726e-02
2.327232001665387184e-02
3.917813933007561339e-02
2.333448996106412057e-02
3.961211007293847369e-02
3.554875530893049362e-02
3.011190309216161404e-02
4.275822853817007330e-02
2.435087837052381243e-02
3.001305427088286557e-02
2.872126176062978972e-02
3.964198630701781106e-02
4.007871211755336532e-02
3.148945128476537264e-02
3.135764993546896057e-02
3.114964764053002738e-02
3.235531399234541777e-02
2.420795894045477820e-02
3.803602316170524855e-02
2.410686719941948844e-02
2.851042369052049844e-02
4.022303313252021534e-02
3.486114139727092970e-02
3.061328175777483507e-02
2.828745352741133395e-02
2.657482415692568808e-02
4.830368747912569538e-02
3.098652272205978594e-02
2.377638751951442059e-02
1.996936200173806547e-02
2.918255436812238965e-02
2.701584722159375632e-02
5.238581567760067226e-02
2.851343083904592235e-02
3.592044740302077072e-02
2.850557082521974067e-02
3.571803143787810608e-02
2.672320828698194692e-02
3.139680031285185802e-02
4.345550951178365345e-02
2.923215877769765395e-02
