1.893592055306917918e-02
2.419395400159575493e-02
2.076211795557816875e-02
2.197637944700892715e-02
2.546442963383539065e-02
1.805635639209523038e-02
2.307025430349008560e-02
2.159956651550878209e-02
2.337013480015161931e-02
2.326306242997474780e-02
2.358315144523029025e-02
2.302957778241159284e-02
2.234703960955449625e-02
2.263869698041813538e-02
2.251464685012863343e-02
2.245256685944333613e-02
2.114639047263466159e-02
2.379790809727173190e-02
2.640416760814282005e-02
2.284673669164362375e-02
2.417706299160260822e-02
2.400937313610769161e-02
2.551305054860464328e-02
2.275687139414638016e-02
2.280639285993756732e-02
1.844092361342673445e-02
1.991569188704524207e-02
2.310409808547444349e-02
2.226371828611405784e-02
2.645051112778768615e-02
2.100344136875577361e-02
1.915039696480683173e-02
2.283761058409650505e-02
2.294927737426191369e-02
2.614291850912357426e-02
2.214312445585200212e-02
2.035085681970753846e-02
2.472663125874198162e-02
3.641200147004278881e-02
2.049802583655680605e-02
1.944274477347842506e-02
1.836536154424702957e-02
2.143330575933131976e-02
2.244979747594978009e-02
2.052674821021521767e-02
2.704577685709275495e-02
3.482379866789689360e-02
2.249958447601383901e-02
4.144540225941482220e-02
2.244419623347985657e-02
2.028261722038103912e-02
2.046753195270864870e-02
2.459945901511141272e-02
1.991849417820898416e-02
2.278240377035017916e-02
1.459332311795523938e-02
2.999423304110789348e-02
2.190030833848492786e-02
2.316199919527715811e-02
1.993061986802031893e-02
2.022068704190026212e-02
2.259927845564762769e-02
2.061272961931091829e-02
2.883515117049636339e-02
2.413963333607655262e-02
2.279889458648940576e-02
2.473193727289163535e-02
2.385193942321459093e-02
2.924348323527327723e-02
2.221483433465009164e-02
2.239382248479515267e-02
2.000773433362797518e-02
2.443959873892692647e-02
2.085725428635048367e-02
2.136817747297042533e-02
1.429204186387741764e-02
2.233156832695316549e-02
1.827100803903702886e-02
3.289191926782552428e-02
2.010206907161656356e-02
3.035519726691635403e-02
2.129627178227559009e-02
2.682358027334438497e-02
2.265698212734485600e-02
2.238002660414426664e-02
1.993151267585045391e-02
2.324781946592722678e-02
2.443435873714149692e-02
3.537022435447543384e-02
2.289731140373383461e-02
2.839480392846911033e-02
2.271252499189092139e-02
2.273898678118293354e-02
2.355375203726416122e-02
1.678776323687780278e-02
1.723770829926121392e-02
2.305549027859501998e-02
2.713787914417774977e-02
2.501145132000181723e-02
2.304839293541117648e-02
2.893414337369237463e-02
2.277262666806110364e-02
3.076220607493627621e-02
2.237164337425485983e-02
2.937778201836002342e-02
1.981306271519522877e-02
2.271634512941703848e-02
2.229253418229576109e-02
2.184746598025080408e-02
2.379071785202448858e-02
2.434793404427418664e-02
1.476741827348500465e-02
1.858350434376460428e-02
2.259602575427390944e-02
2.332578590697694312e-02
2.251238132253420565e-02
1.952735128546479945e-02
2.159562330142010197e-02
1.769308143167648908e-02
2.281414861926827145e-02
2.121773648688837430e-02
2.195650561813672352e-02
2.337526817544589852e-02
2.196297174963222215e-02
2.431401017524669611e-02
1.862799484681043616e-02
2.440386723428645752e-02
2.276853772506086046e-02
2.245847428863891743e-02
1.883890924136473119e-02
2.290920536770620075e-02
2.324125516377940556e-02
2.604802148393314462e-02
2.257450526258164211e-02
2.635451426530804539e-02
2.348955847811911440e-02
2.220556004929055000e-02
2.258230879108616765e-02
2.439516373415002645e-02
1.966674194571361306e-02
2.157903469266927651e-02
2.111235200703486317e-02
3.143036821037356598e-02
2.160651665538972782e-02
2.313052112774252600e-02
2.274014602911013372e-02
2.322331891889708316e-02
2.222357953879950526e-02
1.566611434545430240e-02
2.147981016101512680e-02
2.180324931211485504e-02
2.360809454481709729e-02
2.065248246929303824e-02
2.240026695334255621e-02
2.208862417367932554e-02
2.329987650418685954e-02
2.196378089265615952e-02
2.282051631101663855e-02
2.436129258159229830e-02
3.700883379304456544e-02
1.222215611682469019e-02
2.356446251013540744e-02
2.260991888521976870e-02
2.811600969171611578e-02
2.062680446073685003e-02
1.958335671309495082e-02
2.340961918736915795e-02
2.529093864048217663e-02
2.219078205726177436e-02
2.694007482773061457e-02
2.652694862940718074e-02
2.255829646969939942e-02
2.084100889014658259e-02
2.006231579847226124e-02
2.270444614149183526e-02
2.375292166167832300e-02
2.753812792201667387e-02
2.321043414226069829e-02
2.200198438067401188e-02
1.896673510822977082e-02
3.256036536870368647e-02
2.165872662694722298e-02
2.660872184204336049e-02
2.156275739279750470e-02
2.198042346947122819e-02
1.680611352574097259e-02
1.912228576417748446e-02
1.998244981467768230e-02
2.258953291433009672e-02
1.978902253072966147e-02
2.273776728252305257e-02
2.110888693044507894e-02
2.333978170614738057e-02
3.373539336679910738e-02
2.267648565637209179e-02
2.286218355387050274e-02
2.263629063435013133e-02
2.141633980004861368e-02
1.933398613357676168e-02
2.452370323318577711e-02
2.530560715971031521e-02
2.610549961277126504e-02
2.239363903363347785e-02
1.990594157734537281e-02
2.243862999461711943e-02
2.580073067986038762e-02
2.193560858450206361e-02
1.818153488327337031e-02
2.459258975116547508e-02
2.206777775761102275e-02
3.023429027241564260e-02
2.916607574106305431e-02
2.518286608749474922e-02
2.584262471370386838e-02
1.996098435593389106e-02
2.150117167566241091e-02
2.435606795005208769e-02
2.535100738598242837e-02
2.239375134643379825e-02
2.253342949932571684e-02
2.075025332473765666e-02
2.447154605172659203e-02
2.099978545628484669e-02
2.315112773896541715e-02
1.286967317208058750e-02
1.910247803662337360e-02
1.993444690768465810e-02
2.261520822457957491e-02
2.043318004272260541e-02
1.224311469880444599e-02
2.182686659408027488e-02
2.198749819531434571e-02
2.246019100602645105e-02
2.137469302639068841e-02
2.264978058387379437e-02
2.430845219317432498e-02
2.193411352613999082e-02
2.125403881169068976e-02
3.146835702984349115e-02
1.725050402149370249e-02
2.982153381468753001e-02
2.307886589023761675e-02
2.187752040660815092e-02
2.320801135451146247e-02
2.479008711390035674e-02
2.371137759902090109e-02
2.242281566494470565e-02
3.402011436061417454e-02
2.411795592634188509e-02
2.527182988081514217e-02
2.394289004345197952e-02
2.172658170206469286e-02
3.769407701556570789e-02
2.204655310504635007e-02
1.718090254378242324e-02
2.248571645220002677e-02
2.830480441613183323e-02
2.120634637424478539e-02
2.197309852208468792e-02
2.127161183469827854e-02
2.451387549039677621e-02
2.158972276804492843e-02
4.166205648303883402e-02
2.525514077353963396e-02
2.327370085459225940e-02
2.398710851231534644e-02
2.204307333603696545e-02
2.144522746840604732e-02
2.536443134625451443e-02
2.242324038547183554e-02
2.203056139026184426e-02
2.911154625276051594e-02
2.092724706917074504e-02
2.940812326578614785e-02
2.618401956798269495e-02
2.298331629309229712e-02
2.640804491887825678e-02
2.249510695758768011e-02
2.283487351472882065e-02
2.546947733586545429e-02
2.834139964469909595e-02
1.965095955541657988e-02
1.841387398863813737e-02
2.290915952934323777e-02
2.070885742915498651e-02
2.457025369933217920e-02
2.432399957953945355e-02
2.220159312194077902e-02
2.086345578916893456e-02
2.234511630533658408e-02
2.278265339747061538e-02
2.237994215977281640e-02
2.250909054756805236e-02
2.225447790089841657e-02
2.346259914415889034e-02
2.244505829021009591e-02
3.395848565902912647e-02
2.265508679596410502e-02
2.257430882480087123e-02
1.745877073831787751e-02
2.329306100308453295e-02
2.330049235717067402e-02
2.940663378709775649e-02
2.181650370990920879e-02
2.334669660749385742e-02
2.082729575282052034e-02
2.268518242603600327e-02
2.294695349307215512e-02
2.401527664084602762e-02
1.936804845604520389e-02
2.323117234856853647e-02
2.211316123128911210e-02
2.028937039218738428e-02
1.624521686467059189e-02
2.245407277706813060e-02
2.369425061321272369e-02
2.401642127893094392e-02
1.692191309810365391e-02
2.550590085285416725e-02
2.568045520468107204e-02
2.424058683877084244e-02
2.985484989818238885e-02
2.541575446297682575e-02
2.567641146164599542e-02
2.279706081418355484e-02
2.434393250785694268e-02
1.908402071045350173e-02
2.356729446190626229e-02
2.372329738748069072e-02
2.090045575494564600e-02
1.867710027055678734e-02
2.707806315153321944e-02
2.266467950641585030e-02
2.376940640842532121e-02
2.250131975742328955e-02
2.263666386531452621e-02
2.218105408633875078e-02
1.961313207887912732e-02
2.297092584312099978e-02
2.297799182311093674e-02
1.798574593109780739e-02
1.838146176152458469e-02
2.313622289618521080e-02
1.676202513904550065e-02
2.504248528758488621e-02
2.175824067802971037e-02
2.116434528183631231e-02
2.973166850898791014e-02
2.449883812616971204e-02
2.702442217772101432e-02
2.060624304029618631e-02
2.632190206811712077e-02
2.402875871004740704e-02
2.758327254531229428e-02
2.336136700253547971e-02
3.263290880526639043e-02
2.286312751796508447e-02
2.200043749098840734e-02
2.502603586615784539e-02
2.379223379885468323e-02
2.648569705268388405e-02
1.938775185189168734e-02
2.867125418100199830e-02
2.158426170229925736e-02
2.271086671611232885e-02
2.052756621381152113e-02
2.774531679689444877e-02
2.955011072254931301e-02
2.615381981395524177e-02
2.234376077737210142e-02
2.296609106275135717e-02
2.428630576423375029e-02
2.263402683571550875e-02
2.321827163965667351e-02
2.550683604295162984e-02
2.227350000325920704e-02
2.189274702682639587e-02
2.356023225886700462e-02
2.465630801261332189e-02
2.095668622130161807e-02
2.475093915912839407e-02
2.586981255481798914e-02
2.381351990766574639e-02
2.267567554125774279e-02
2.152935960246711578e-02
2.247579842796538704e-02
1.850949131647035978e-02
2.229338951026120855e-02
2.249948152531518891e-02
2.369759888837487047e-02
1.599408446046005419e-02
3.799804630500657615e-02
2.228723151885575113e-02
2.269390460167077309e-02
2.298220745480269653e-02
1.997972590092978243e-02
2.263653763903112487e-02
2.844241214873227674e-02
2.933393446757629267e-02
2.127557408339296116e-02
2.185608923606837534e-02
2.237583143574161867e-02
2.656302493826489738e-02
2.935934550558334799e-02
2.263102351803146159e-02
2.134211347785389817e-02
1.788623140186266017e-02
2.222567383743995900e-02
2.573607528761520311e-02
1.920719954791320905e-02
2.203308012400548299e-02
2.166130657253223166e-02
1.835400288828903381e-02
2.349091076739365583e-02
1.877448306657215210e-02
2.251143752348707533e-02
2.251315929659026063e-02
2.165476031527878431e-02
2.407904474077737778e-02
2.235222615518504818e-02
2.380827172168941894e-02
2.383249257557560827e-02
2.148499624259769467e-02
2.242580989428076543e-02
2.294040862919700940e-02
2.123452803981023401e-02
2.272625202494440652e-02
2.190233433768317556e-02
1.994371418389277381e-02
2.252596370467419701e-02
2.441257750671256208e-02
2.247285237421983023e-02
2.851673104451840288e-02
1.857842573088217333e-02
2.416589384178394889e-02
2.280442725332641404e-02
2.106498727406458035e-02
2.466782735367920032e-02
2.483382382213804654e-02
2.060616566695952848e-02
2.338835293302265333e-02
2.315367564481523449e-02
2.259060080816481866e-02
2.228727342213593365e-02
1.732738140270838334e-02
2.182274688941077470e-02
2.120515811391580213e-02
2.425218127525869544e-02
2.104823395255136717e-02
2.965482296149560618e-02
2.375841686758259699e-02
2.453063332001719984e-02
2.547955850127393493e-02
2.489551669007081941e-02
2.120582991743980017e-02
2.192182107249568759e-02
2.324358780799424054e-02
2.116698974441678580e-02
2.234909707633817369e-02
2.492065838704661876e-02
2.666846506169481129e-02
1.782545307806738047e-02
2.214179707373001987e-02
2.438894807122493971e-02
2.056335784711374459e-02
2.209799816393683350e-02
2.237897930457602089e-02
2.351997039971300690e-02
2.030892502115220349e-02
2.310466788636008142e-02
2.719227355643774949e-02
2.272922632826986783e-02
2.524922455552698272e-02
1.943949370395412976e-02
1.999595723258637200e-02
2.247409222578727189e-02
2.297244612561048782e-02
1.025798149550971768e-02
2.708737185145762214e-02
2.319734797607606383e-02
2.195861509488154090e-02
1.790214819785968664e-02
2.129969673250454304e-02
2.122444725005345409e-02
2.006367350133213615e-02
2.347795332450172343e-02
2.250672963304270469e-02
2.464748347519607127e-02
2.088965383438261963e-02
2.065816038738629845e-02
2.118430988600700227e-02
1.968996672793114563e-02
2.355201028027372606e-02
2.273290392571431645e-02
2.184474663009176865e-02
2.423297825946128803e-02
1.974767465993488083e-02
2.130104539465883101e-02
2.304229059126024215e-02
2.497610543443021247e-02
2.245206584443794340e-02
2.294829709208404470e-02
2.271708159636525240e-02
2.088260579147527968e-02
2.242967492368149948e-02
2.970358822101904286e-02
2.327180375503976398e-02
2.262069326576675310e-02
1.898080643714036495e-02
2.245943102371637801e-02
2.111729130640894320e-02
2.372970490638898547e-02
1.970817150141450716e-02
2.288844144319858789e-02
2.461980693674409651e-02
2.218305803228676210e-02
2.339348480766366770e-02
2.176710825790149212e-02
2.254556729015071842e-02
2.322558783512109273e-02
2.263630521270893273e-02
2.312593532935600799e-02
1.934483455897117662e-02
2.570724254564263345e-02
2.205673615085517944e-02
2.359934379162909393e-02
2.273632712938875033e-02
2.425499219902172918e-02
2.867228997636244933e-02
2.422548386917961968e-02
2.100120661710816461e-02
3.131567971470976264e-02
2.185431211919709391e-02
2.170478425714327669e-02
3.269976718087817119e-02
2.255884225297551463e-02
2.085950503197455189e-02
2.123591316734939338e-02
2.242144369014422919e-02
2.249958152830365196e-02
1.865914246108965960e-02
2.265634697580451787e-02
2.302757393712116102e-02
2.786133125934243948e-02
2.246825060144155145e-02
2.021186104805443307e-02
2.345659735224263354e-02
2.263807894893033607e-02
2.725405420971751397e-02
2.309871905680668108e-02
2.451477030990058259e-02
1.988796369545485151e-02
2.511364027903103743e-02
2.278197103621839442e-02
2.277417982336453831e-02
2.359621685312804709e-02
2.399559993374974706e-02
2.220285254380482964e-02
2.001667445935777570e-02
2.231714787832806204e-02
2.457489467349274759e-02
2.039981375529154387e-02
2.143174039222281793e-02
2.054790315479619600e-02
2.354256955072652965e-02
2.367665956321093543e-02
2.258455896062389751e-02
2.358581541441591087e-02
2.170993248962969913e-02
2.206193573902915164e-02
2.251076655052553985e-02
2.255414397512029920e-02
2.262120667371063376e-02
3.381851700131261601e-02
1.776867894415980892e-02
2.376223767370776521e-02
2.124339521626357821e-02
2.246943250400448844e-02
2.667533219608710787e-02
2.434019584202053860e-02
2.588146477341485632e-02
2.103881896279198929e-02
2.248912447624318300e-02
2.484592116437540563e-02
2.163957074316854440e-02
2.277120848002699843e-02
2.269380470914570888e-02
2.310383032516222235e-02
2.455125274282826328e-02
2.231543748107344544e-02
2.209770053200789397e-02
3.601308059442112630e-02
2.157756973314613191e-02
2.095632468458029710e-02
2.283895448176434875e-02
1.901015303622132294e-02
1.863347216975056245e-02
2.541579084914408204e-02
2.370475726497648164e-02
2.279509339806530532e-02
2.250286044385617010e-02
2.037614143261423996e-02
2.246937089091471246e-02
2.463744690393599238e-02
3.315777517631179200e-02
2.396377970999263862e-02
2.239936021232614288e-02
2.924217930652912509e-02
2.197611452765858148e-02
1.651740575548153733e-02
1.848426205957091895e-02
1.997873540994248714e-02
2.283956123296813565e-02
2.294453604521399376e-02
2.235733706110683283e-02
2.283853080891957293e-02
2.129485704375650573e-02
2.451216723307244466e-02
2.263754043266399951e-02
2.096489357569284590e-02
1.708542057071773743e-02
2.458400994088563371e-02
2.211906683780685140e-02
2.601260004868096581e-02
1.474179732354738079e-02
3.552372517577264549e-02
1.788312392359425740e-02
2.386868445738391659e-02
2.211261796192437110e-02
2.012493916679915576e-02
2.624302045940440226e-02
1.738634071565074365e-02
2.299209155649717395e-02
2.070403809158266259e-02
2.202306540054673259e-02
2.310988699520876224e-02
2.374587625583460260e-02
1.963950823255829897e-02
2.191851574723207088e-02
2.054841887490669108e-02
1.968934552657769510e-02
2.161219013916492251e-02
2.819064556574300134e-02
2.223352060027140517e-02
2.158052596193809833e-02
2.291598113427276845e-02
1.775764693343497361e-02
2.305993179484737768e-02
2.402486204161476471e-02
2.271296964892087836e-02
2.387071948898044152e-02
2.354427888104692820e-02
2.556974797837516591e-02
2.431979485926514736e-02
2.557443155401939450e-02
2.108593980626325554e-02
2.322879485601843028e-02
1.993186153862669396e-02
2.816780134517868350e-02
2.352706165108243985e-02
2.089339809714011592e-02
2.134403212636645092e-02
2.891397712349925986e-02
2.764718116279529098e-02
2.180251969076538870e-02
2.149151556286717224e-02
2.155064526258878080e-02
2.568586944445550718e-02
2.911119944729212428e-02
1.783806026627859573e-02
2.581791150116740166e-02
2.179255462144103275e-02
2.112501480066211398e-02
2.229060115890669699e-02
2.687180486359896578e-02
2.536013651358755977e-02
2.272288343241754202e-02
1.574387644353037255e-02
2.120169466285848001e-02
2.312902619826879766e-02
2.081539097310756634e-02
2.388739191219702365e-02
2.258486812997555215e-02
1.629779687555641884e-02
2.220979428833000716e-02
2.382210630143614602e-02
2.192169347125513812e-02
2.228910050013477306e-02
2.259485026743649275e-02
2.578173549121663341e-02
2.286937363651100549e-02
2.442178971976190563e-02
2.202050808633707751e-02
1.802927768717442480e-02
2.769500570282091081e-02
2.051815177948738619e-02
1.813956850616649241e-02
3.058028377660589742e-02
2.222046092318231275e-02
2.230325655473336388e-02
2.642669768066525232e-02
2.305119315707948244e-02
2.254125266417247517e-02
2.238320291127603862e-02
2.812325406590549665e-02
2.343170944494873606e-02
2.640680452424832084e-02
3.456035750195693423e-02
2.397636649017802213e-02
2.341697980280928182e-02
2.249848604105290223e-02
2.290490109107434780e-02
2.032287105924595813e-02
2.145663297969507832e-02
2.613896238576322514e-02
2.172969055176105641e-02
2.115334280893883812e-02
2.104947175477600921e-02
2.956728400596774983e-02
2.080239399425647118e-02
2.518935140286515662e-02
1.763843540194280288e-02
2.267486883831103250e-02
2.148371580482823229e-02
2.571158703781464827e-02
2.268340068721321975e-02
1.991843784810302942e-02
2.089704345888633921e-02
2.286184640513294272e-02
2.469553093520323456e-02
2.254690319569369397e-02
2.524980162501808817e-02
2.266341113686631825e-02
2.301264742437419963e-02
2.231541354499561383e-02
2.228034321050509012e-02
1.523716021658770049e-02
2.252464137022420348e-02
2.343020965676199246e-02
2.216747368115798769e-02
2.419969053000840462e-02
2.068732411396805027e-02
2.198883425017906373e-02
2.336562508525211190e-02
2.304406137297991541e-02
2.236809986224229385e-02
2.235234950716931054e-02
2.079772446573223410e-02
2.108349063918459748e-02
2.297511831054772566e-02
1.777164596589666384e-02
1.709893600487834633e-02
1.682826870779179779e-02
2.254644762382125578e-02
2.151072843634035253e-02
1.940749264538293647e-02
2.230390399602875592e-02
2.431011908255173437e-02
2.376315892846122060e-02
1.778251029898512622e-02
1.985833819347982560e-02
1.835407374377629949e-02
2.208967513794241055e-02
2.223512246097582995e-02
2.720420938221094001e-02
2.259723142871883361e-02
3.118916756325397846e-02
2.399306868944837967e-02
2.356477196634528676e-02
2.132367902039269611e-02
2.562551425479328918e-02
2.256933314349958072e-02
2.430015425178753616e-02
2.296516290234790550e-02
2.458678447872508430e-02
2.397021293082919613e-02
3.631059569079041205e-02
1.964805265962213734e-02
2.232033556974257274e-02
1.995271942734034090e-02
2.803294949077908896e-02
2.193091757963339106e-02
2.284313798486452274e-02
2.422426960558626829e-02
1.777978803141122208e-02
2.268454770334511067e-02
1.939311525014126084e-02
2.153322014596180389e-02
2.324459387154848358e-02
2.268343204505800237e-02
1.888239938631258719e-02
2.264480803824782049e-02
2.546513787649438976e-02
2.075505018526596981e-02
2.184633935020086071e-02
2.785959189064231289e-02
2.458853717265487362e-02
2.582102268686994190e-02
2.432184319039056367e-02
1.884530001760589477e-02
3.333672726264916286e-02
2.288604406191720869e-02
1.889190322539006928e-02
2.319995166619040483e-02
2.309155581070924945e-02
2.345715143467427127e-02
2.253135829361019304e-02
2.042704787989387677e-02
2.210151340196974540e-02
2.292941872431738040e-02
2.943715866686981777e-02
2.263817981889674688e-02
1.715742635675857053e-02
2.266879496983258482e-02
2.474039347819917065e-02
2.290477046040136772e-02
2.126737559403980848e-02
2.286494674833413135e-02
2.379238665454386226e-02
2.194727551463579451e-02
2.307020681954759581e-02
2.237482330906064021e-02
2.271249014955110945e-02
2.442533100778018079e-02
2.183964112797572021e-02
2.080265653339096951e-02
2.611797660811855312e-02
1.824868399668060429e-02
2.022927120806483625e-02
2.198511001471885676e-02
2.289580018344063508e-02
2.511232217236513201e-02
2.676045707452578276e-02
2.282262252869829769e-02
2.243207024420704535e-02
2.030770530251920294e-02
2.505607712841276952e-02
2.183047946188041571e-02
2.285575908483842428e-02
2.012903284351684474e-02
2.359916280899373997e-02
2.432620853764764710e-02
2.168955836569244622e-02
2.451455953747330024e-02
2.359039861616078065e-02
1.722051219657619314e-02
2.267979202975255876e-02
2.074890616393692058e-02
3.375568333410989413e-02
2.203122720204804194e-02
2.659948815806974926e-02
2.375579665778400351e-02
2.450843944681154254e-02
2.884480805833924966e-02
2.307818070599234814e-02
2.575405663816088611e-02
2.109110799346925955e-02
2.592022312553232330e-02
1.854129586229098445e-02
2.428307697534877116e-02
2.191891519734915153e-02
1.952267925008270913e-02
2.290188320579351899e-02
2.336651374969877723e-02
2.236395967317788766e-02
2.244528242843445501e-02
2.280414019921198424e-02
2.165634206394900091e-02
2.113540886787778836e-02
2.070427685447642774e-02
2.288022830967241170e-02
2.211049174578392368e-02
2.270119761089336649e-02
1.297622429619348962e-02
2.323751096522885806e-02
2.174647811818028811e-02
2.531538660791612591e-02
2.498725080673159724e-02
2.230613270764076478e-02
2.670023053900158830e-02
2.236938919457668110e-02
1.961253530198732442e-02
2.508767153540633968e-02
1.982313709844337260e-02
1.672108327732422031e-02
2.170777320271297106e-02
2.292215182344847432e-02
2.078296697724942368e-02
2.801135251893133518e-02
2.522905357937189202e-02
2.443988126594273322e-02
2.113728176481603077e-02
2.242013100189050798e-02
1.871195572291404347e-02
2.212153663054795827e-02
2.001684143817223857e-02
2.173772144694648134e-02
2.506047703174589872e-02
1.942581334323973188e-02
2.373022670560338138e-02
3.431075068477609791e-02
1.926862724578404934e-02
2.653242175776234987e-02
2.132779563878149653e-02
2.011020675795512427e-02
2.159470558728619413e-02
2.691090074378150662e-02
2.643996224771088394e-02
2.585884842449941504e-02
1.736132143451168605e-02
2.224865767578724715e-02
2.271396429703671782e-02
2.269496368890530635e-02
2.216047261075171360e-02
2.191481044538403505e-02
2.221910302556637587e-02
2.085554032259013049e-02
2.031893761811517929e-02
2.499434405636542095e-02
1.892943670208948465e-02
2.130182494704006488e-02
2.118129587222439270e-02
3.226705837384068881e-02
2.102251540132892699e-02
2.147996407156311377e-02
2.218038049913596821e-02
1.496828395621665857e-02
1.959786093343139982e-02
3.095122809208253334e-02
2.315540733894383765e-02
3.004036044628010174e-02
2.529983053225104764e-02
2.408831552299962528e-02
2.524704477208319919e-02
2.239110560603512975e-02
2.528160927129865718e-02
2.142260662146142774e-02
1.073957182430249416e-02
2.234551193571089611e-02
2.035214469127257994e-02
2.349094287768433917e-02
2.261524082105721353e-02
1.992660240036582542e-02
2.352021559376966595e-02
1.946128670567497110e-02
2.245203134418088595e-02
2.426793247209906718e-02
4.573576398533586718e-02
2.177860062044354242e-02
2.230335957074459918e-02
2.432137961962833189e-02
4.015751757731626098e-02
2.270453843855501849e-02
2.624137230482231908e-02
2.280107070668785027e-02
2.217774083728068363e-02
1.865446591483005748e-02
2.282470210437079206e-02
2.186205405447955857e-02
2.617629517784708995e-02
2.256690045703108397e-02
2.867515374429495736e-02
1.970023080951426725e-02
2.384449032317998568e-02
2.522721975860871269e-02
2.251080060347842790e-02
1.899867109466263707e-02
2.263993877773691141e-02
2.206732703254422889e-02
1.945880369078538397e-02
2.239234987931693066e-02
2.194633448259848685e-02
2.277696511270648622e-02
2.226627377993382895e-02
1.852098471200253060e-02
2.223535702810218104e-02
2.211710488411528647e-02
2.306718125335748687e-02
2.232921233215165099e-02
2.185001504392325433e-02
2.172051223278084753e-02
2.114257779900269307e-02
2.404525571786278459e-02
2.061541334732573671e-02
1.926877677258429650e-02
2.254642704644898091e-02
2.204412608143333646e-02
2.291993573318730493e-02
2.242868770166070100e-02
2.953813138995004667e-02
2.372913128082590473e-02
2.683214796996421028e-02
2.311200317575306390e-02
2.245388301231896963e-02
2.458011228860971023e-02
2.341613856420131368e-02
1.875852398145897576e-02
1.749236881909075475e-02
2.292576135562723189e-02
2.401681115503263506e-02
