3.484831989129646979e-02
2.939062721411710502e-02
2.868177942564528043e-02
3.079342333811563651e-02
3.512930262618765842e-02
3.807989889254326243e-02
3.978253758137728635e-02
3.004012200615352110e-02
2.700795468715033384e-02
3.049180888781794288e-02
3.366880917223608743e-02
3.528057909284308680e-02
3.777687529920385062e-02
3.893487880989221495e-02
3.606207010151706721e-02
2.782218413577665708e-02
3.701821128888241330e-02
4.126594763331893623e-02
3.582116320853594854e-02
3.714628125534706615e-02
3.610960438342053491e-02
3.580141088051987802e-02
3.573635856896410085e-02
3.441740829428500958e-02
3.549552297730373951e-02
3.592713865288236358e-02
4.766218159935633331e-02
3.507591484492815492e-02
3.100369441669304643e-02
3.623160233006278430e-02
3.505536233236750121e-02
3.542783290251697720e-02
2.550130492805498944e-02
3.172606486413354770e-02
2.994317161369750707e-02
3.465974606752143111e-02
3.765011209306845519e-02
4.419091635423456205e-02
3.683241765887707714e-02
3.200433895179077143e-02
2.491220397900729619e-02
3.718798071031101382e-02
3.577349248274270394e-02
3.613081511715433153e-02
3.490811835581345002e-02
3.362124162579081810e-02
3.340893358349449754e-02
3.447408087991250814e-02
3.375376612273268961e-02
3.788592899624402405e-02
4.104632789588133490e-02
3.548127716043766172e-02
3.359860216370363223e-02
3.646619215271509895e-02
3.641900136260153853e-02
3.328658657489525635e-02
4.140034557562607270e-02
3.600500626742678123e-02
3.355229234881543926e-02
3.945205620377249811e-02
3.462310271432860603e-02
3.480668495213233571e-02
3.390387202250677579e-02
3.251674707960123395e-02
3.425409496419663802e-02
4.168841618959702455e-02
4.122028955355538926e-02
4.644259248162369708e-02
3.458579627494133557e-02
3.594570228451982735e-02
3.489615464832025032e-02
3.791289893764836216e-02
3.738479191533227580e-02
2.911671588635996247e-02
3.635535763547042415e-02
4.140018080344017026e-02
3.584364253727461563e-02
3.019048857255346788e-02
4.587729143970499524e-02
3.471172032049611028e-02
3.362470948912417434e-02
3.454719317902341102e-02
3.468190085312333748e-02
3.530158908712770216e-02
3.638360553401149416e-02
3.816769304395704193e-02
3.199660905080209394e-02
4.133933314673172987e-02
3.400964799724691401e-02
2.847109853211952923e-02
3.636908355619321298e-02
2.744837162742977746e-02
3.295042091497460413e-02
3.345317547532563468e-02
3.845155058925854574e-02
3.711439184301075500e-02
2.711973828308458789e-02
3.317743717502084910e-02
3.467901942488768596e-02
4.091314047145191979e-02
3.172903844799566248e-02
3.493856250411072478e-02
3.557136630380147713e-02
3.777885985805612412e-02
3.915461102308213232e-02
3.975614224596920460e-02
3.565247463372898939e-02
3.636113948031028525e-02
3.190965808633914463e-02
3.558733002676191248e-02
2.802522303953770486e-02
4.056023390975004722e-02
3.521931610679755048e-02
3.605463888035843889e-02
3.405244545400212819e-02
3.654573118159689521e-02
3.639776938033767451e-02
3.842869533234952867e-02
3.573568659278567039e-02
3.402077017036291701e-02
3.171994986958832224e-02
3.335031038659946878e-02
3.553771168137152131e-02
2.897893433571674740e-02
3.509331331159802614e-02
3.744527421843898279e-02
3.432618418615247108e-02
3.928034694610078176e-02
3.807097133972343200e-02
3.738018664553164477e-02
3.993889925662959944e-02
4.212492621839664803e-02
3.505771615633768851e-02
3.743450409703821119e-02
3.577085125154633172e-02
3.660997854095485865e-02
3.383248392761560586e-02
4.755072758602470889e-02
3.241649782574003436e-02
3.682442459461720413e-02
3.503237014602614968e-02
3.580681454514874490e-02
3.637973018105940259e-02
2.626666409633002588e-02
4.088908249998642747e-02
3.315360989768234568e-02
3.347378226206342705e-02
3.628230203396225900e-02
4.887063746550319998e-02
3.617885237414402572e-02
4.842144700275131247e-02
3.762968222312822186e-02
3.436160451394518200e-02
3.542374980768386861e-02
3.170980677152458738e-02
3.346087506053455063e-02
3.499802819884147154e-02
3.605717707680818063e-02
3.998806833196200811e-02
3.429242262648890538e-02
5.646904127363083087e-02
3.504326401201830754e-02
3.592873947205343921e-02
3.829658329937908612e-02
3.476732363489332123e-02
3.208436720613024040e-02
3.435484813092412604e-02
4.263865649296134236e-02
3.679676319913032650e-02
3.552966921122494015e-02
3.617111569740207033e-02
4.096401205116696753e-02
3.108883320891278612e-02
3.564395636377493126e-02
3.825966176937081048e-02
3.908848047595126635e-02
3.686802114617845211e-02
4.409013312927721751e-02
3.519542318622536498e-02
3.271478760617569509e-02
3.599012787075383385e-02
3.598132640798647891e-02
3.622016461301814927e-02
3.242768564428620548e-02
3.918253143977106639e-02
4.246293185142954035e-02
4.017699934667372935e-02
1.700664573320925105e-02
3.819149747447143917e-02
3.842637996140528533e-02
3.046566532483365938e-02
3.517324304830975884e-02
3.530004046737320045e-02
3.651343799789930761e-02
3.620110224937230642e-02
3.421684245702885652e-02
3.987255794608898785e-02
3.556703385658481487e-02
4.024081790165772582e-02
3.868809679260212797e-02
4.513158687496897359e-02
3.510447557730232010e-02
3.407962625456890937e-02
3.602499199523190310e-02
3.334718812290678874e-02
3.456369421536625852e-02
5.785912575312601724e-02
2.931942920758363186e-02
3.519763263359523831e-02
3.533141842489532364e-02
2.645553826502010375e-02
3.681274420971428901e-02
4.066902704223990944e-02
2.930936692641374075e-02
3.476097984309365480e-02
3.165742141282713168e-02
3.641126532159522783e-02
3.960563545397488561e-02
3.212390624250855559e-02
3.353185699166506134e-02
4.344199553035607564e-02
3.430068833457920741e-02
3.457888092004648278e-02
3.273367487750072219e-02
3.585697465143496132e-02
3.440703499805451010e-02
3.588123279499662310e-02
3.605416648395387558e-02
2.845053501885869141e-02
1.888210786593583213e-02
3.911764694764091610e-02
3.657172148886106422e-02
4.017330987283330990e-02
3.517175573999593158e-02
3.650042078497769266e-02
3.426339075515555388e-02
4.200070392120631296e-02
4.394766020099387382e-02
3.190958904550404707e-02
4.527660683007606046e-02
3.736617213796714077e-02
3.450811330615565636e-02
3.232754479210651205e-02
3.482100947250973966e-02
3.659708707442264203e-02
3.820904692098707478e-02
3.433052868838908783e-02
3.932811792420263380e-02
3.607269209818930039e-02
3.568867780062290329e-02
3.013497043078161228e-02
5.256243682993703981e-02
3.519863056530053019e-02
2.933045672987076927e-02
3.478070181080379630e-02
2.047555917621718402e-02
3.254331346880338233e-02
3.035877087862495771e-02
3.963192164561026021e-02
3.893179764426701883e-02
3.529963150417320811e-02
3.536643095885712296e-02
3.509750119637052718e-02
3.686355103374398118e-02
3.746774785225674004e-02
3.655736487587765704e-02
3.553416905930256720e-02
3.758243529453201420e-02
3.242625475461586443e-02
4.235048898158889213e-02
3.619577090577465184e-02
2.525772655978930636e-02
3.283594035356228458e-02
4.350449474359128349e-02
3.425840195326171345e-02
3.737515916176241404e-02
2.105453121621863113e-02
3.851660555355228971e-02
3.157044673165433635e-02
3.243985761484160374e-02
3.475836749917141782e-02
4.058795186557282580e-02
3.547376502890459832e-02
3.505247189053480039e-02
3.505973184940631981e-02
3.531715452358483165e-02
2.846880828650845408e-02
2.965443332276637700e-02
3.258098966306034044e-02
4.443830032556435328e-02
2.743157510437073399e-02
3.502862404165697080e-02
3.875300400818333657e-02
3.660859599211622323e-02
3.361668555918000817e-02
3.621074641421104939e-02
5.830473686748671724e-02
3.607375199364986490e-02
6.555624635491898167e-02
4.729956340566269374e-02
3.514770020277809687e-02
3.958737161697523099e-02
5.264047041481210998e-02
3.653513517608714123e-02
3.922040537041206198e-02
2.370985699630132407e-02
3.740108129079278837e-02
3.531567161617343853e-02
2.568904331829521479e-02
3.949939882352435788e-02
3.607120694034453984e-02
4.157528999869283814e-02
5.616073391582214469e-02
4.199141944979283697e-02
3.479259839281242939e-02
3.545598348541420530e-02
2.760997085053622582e-02
4.459215552886907491e-02
3.590904285005894897e-02
3.656257590435550708e-02
3.556031774955669550e-02
3.705388914191607569e-02
2.986319958106268754e-02
3.466674044500325097e-02
5.641559484631248483e-02
3.180802399437847316e-02
3.247684260113131022e-02
3.616233160516232198e-02
3.588516172328883730e-02
3.503085492704732101e-02
3.046226556125047197e-02
2.819272167133562643e-02
3.939309739075642913e-02
3.206580480748475598e-02
3.704477727582016627e-02
2.679230763467194132e-02
3.534467120603648760e-02
2.693246662035697972e-02
3.800663505527648867e-02
3.352279304620666561e-02
3.423255303742998162e-02
3.410055572340910807e-02
3.095137803023958675e-02
3.327699260621162780e-02
5.017374379516340716e-02
3.191065605193959404e-02
3.492456963187214741e-02
3.513364625031947103e-02
2.545540276988958808e-02
3.368718785761357082e-02
3.609495994865098006e-02
3.719019932070203455e-02
2.644903526487398654e-02
3.377926339561014568e-02
3.231154179127380260e-02
3.053133955037836203e-02
3.965918447615982001e-02
3.355825104619965943e-02
3.778504446023114860e-02
3.486910472638651837e-02
3.844492586101533327e-02
2.760238718537588384e-02
3.460835968226705361e-02
3.423397602619479563e-02
3.714083094586265177e-02
3.659880577182418604e-02
3.066868439932524115e-02
2.974596562740581748e-02
3.762409427649258953e-02
3.883723601271121817e-02
3.587264041886294857e-02
3.560464016857852604e-02
3.715092861795701862e-02
4.071798056830753382e-02
3.724094190806560151e-02
4.382820688205342485e-02
3.444021175326076462e-02
3.920160217615379500e-02
3.540682344594269643e-02
2.975633930935058305e-02
3.063218749312008812e-02
3.676872402457705136e-02
3.828770986129394899e-02
3.999447505059962327e-02
3.600014998254941895e-02
3.853755981786002177e-02
3.871485000355929379e-02
2.810901334672097351e-02
3.547071809004311710e-02
3.672548074749300978e-02
3.542836848432536628e-02
3.949729525546077230e-02
3.467021267785784511e-02
4.088036896926748598e-02
3.570490836687879171e-02
1.948197079848842245e-02
4.384010634667469264e-02
3.286402499205694216e-02
3.356129380475769697e-02
3.599104469851974880e-02
4.040885809859643546e-02
3.199875233775571065e-02
3.375016691470886232e-02
3.850796554893438917e-02
3.854765229971934826e-02
3.769777413946225064e-02
3.621503067210214005e-02
3.488951896076062514e-02
4.027705733442266817e-02
3.609919124699999260e-02
3.633932429473769876e-02
3.524984383347878197e-02
3.133822170047173561e-02
2.977696991984659161e-02
3.395712537521137359e-02
3.885370264947073105e-02
3.444548576377108595e-02
4.909303336830537351e-02
3.574130009562261762e-02
3.705057612195041677e-02
2.763156848310226871e-02
3.127339416233774344e-02
3.853753294325382855e-02
4.213557756857626291e-02
3.875028918878963696e-02
4.313245580499988630e-02
3.476990562638545418e-02
3.084942988840181852e-02
4.258628885243355422e-02
3.408481020914125303e-02
4.353260388410796350e-02
3.400673688326664307e-02
3.598028451136409123e-02
3.731968669336795802e-02
3.804314786471690163e-02
3.593587088145112213e-02
3.991401009338688827e-02
3.566249960594799345e-02
4.154932849442379700e-02
4.588195596332909909e-02
3.944029681333052068e-02
3.404956957523819910e-02
3.111610167304473470e-02
3.527721736296629551e-02
3.598844012728066172e-02
3.811429042655915811e-02
3.664150439071406362e-02
3.600089846592418458e-02
3.513585376070046257e-02
3.493057469745421140e-02
3.796334645834035376e-02
3.028073030913815827e-02
3.462574368678793257e-02
3.530089635846833662e-02
3.738621773857386810e-02
3.595062482936635384e-02
3.609746715011818985e-02
3.174201628308644801e-02
3.615343640300929667e-02
3.402734480133971090e-02
4.856880918586272550e-02
3.470815508457202048e-02
3.480098898444102667e-02
3.665678002534780711e-02
4.780889993530130361e-02
3.635584932753608417e-02
3.700638469006993503e-02
3.819725704732295640e-02
3.853516201875037406e-02
3.381234465213067003e-02
3.431694791587493187e-02
3.654111453356519851e-02
3.402508718372343477e-02
3.607212690281592915e-02
3.470273278131983524e-02
3.430274566243476236e-02
3.443594405806960773e-02
3.497947176806656677e-02
3.530882394689566911e-02
2.818901453018873501e-02
4.619252514021007783e-02
3.938245818110452934e-02
3.384410518243612109e-02
4.122280448381594048e-02
3.362989258123511710e-02
3.185902795291996326e-02
3.961277577619243956e-02
2.791730954446947077e-02
3.900229036614079325e-02
3.158132336780985344e-02
3.612347163245509946e-02
4.294141045384809730e-02
3.429321868327075973e-02
7.267038834086632371e-02
3.785919927458987477e-02
3.891157790456464122e-02
2.849965601019485012e-02
4.439414350326995051e-02
3.496430223681080973e-02
3.608809206063472164e-02
3.626756206699202623e-02
4.010983740682802501e-02
3.620688110798989806e-02
3.635755213708727340e-02
3.999412419106151972e-02
3.345598966885575398e-02
3.465701994597614188e-02
3.162199224027902739e-02
2.433331563612267309e-02
3.170373123764042012e-02
3.843909122077023705e-02
2.710275875534246676e-02
3.311712347970124926e-02
2.965262616844503707e-02
4.244721626992499497e-02
3.534016544550624278e-02
4.149789190109497844e-02
4.378999829971991220e-02
3.510175125448081190e-02
3.459620928851686594e-02
3.840825888276113570e-02
3.613327834445691916e-02
3.206389747761240888e-02
3.705837437768472881e-02
3.715353963040563673e-02
3.660123943655548689e-02
3.966818047521812607e-02
3.910283451969771840e-02
3.645417909483560787e-02
3.468836480962086272e-02
3.152185290431040038e-02
3.978076684304038962e-02
3.495035377807708538e-02
3.713553779781251368e-02
3.557299878929769815e-02
3.695170053437208529e-02
4.051989626246012277e-02
3.862548280129066147e-02
4.439160130610959182e-02
2.683862746073576930e-02
4.409294251428041295e-02
3.490300537363152239e-02
3.009931329646273190e-02
3.653691765851396767e-02
3.853300891436322456e-02
2.998283140009190550e-02
3.819949714039874711e-02
3.331957159902604326e-02
4.092903124989210467e-02
2.425325623784189630e-02
3.597021454530548168e-02
3.336711191121014691e-02
3.587117282084248404e-02
3.935477394052324523e-02
3.498252926863901213e-02
3.609943082851720109e-02
4.363737753401360220e-02
3.478172795996822136e-02
3.398886973273506501e-02
3.765025842723022237e-02
3.490439366909640212e-02
2.940464886686461679e-02
3.477889434977428362e-02
3.361942663970042544e-02
2.869154714844260323e-02
4.405966471513297900e-02
3.318275726162674827e-02
3.872944186888831880e-02
4.404586683235969108e-02
3.897822486580755641e-02
4.153408993662901366e-02
3.475058281006739719e-02
3.765922222641557987e-02
3.554445838481582604e-02
9.472966401912433221e-02
3.624637845804676295e-02
3.710625297011820034e-02
3.444613161860430456e-02
3.213353724706428244e-02
4.002271299971605495e-02
3.481022862694464065e-02
3.495239062493098875e-02
3.710877506515370544e-02
3.791104731994953542e-02
3.568339093498690967e-02
3.523077991116607688e-02
4.343483599880743756e-02
3.527338876542213120e-02
3.272801160469452492e-02
3.330742449696927343e-02
3.817517197023214542e-02
3.612311518478002192e-02
3.496769841324189748e-02
4.121066300018856599e-02
3.373215180067826169e-02
3.504974426793417558e-02
3.712175899000092621e-02
3.489523357120841857e-02
4.255012553379283746e-02
3.506473667088518681e-02
4.185973375712185446e-02
3.316512390528595505e-02
2.912123782348145090e-02
3.621000126090097304e-02
4.295307332070804479e-02
3.966034619195222405e-02
3.421627477971509596e-02
3.521810584446952164e-02
4.220049431113702398e-02
3.399313081207744336e-02
3.850344519644356006e-02
2.441894033017292034e-02
3.500143598986365373e-02
2.775837066980579512e-02
3.559914901920707697e-02
4.112127843419933343e-02
3.040816553532098981e-02
2.525666594561872674e-02
3.840771664163414312e-02
3.467380572154184909e-02
3.271930012885511385e-02
3.617156493226960506e-02
3.188422179322360217e-02
3.663846155858027642e-02
3.665549781422424575e-02
3.545264088126192509e-02
3.454321279412987666e-02
3.649985325541867109e-02
3.518354160116819729e-02
2.976988910567024069e-02
4.886366147898053847e-02
3.724843816106846589e-02
3.507404809542911950e-02
3.505219644847090005e-02
3.659303638082283400e-02
3.009094048417811779e-02
3.286526033925120382e-02
3.737810400218529588e-02
2.915792269057845484e-02
3.121478270676277325e-02
3.510052199859618749e-02
3.416598070688001143e-02
3.456648754869859341e-02
3.699666782640468471e-02
3.743531429291694496e-02
3.607105400218432734e-02
4.355255698400916503e-02
3.780791867088301172e-02
3.541554054192596473e-02
3.394566186274483588e-02
3.485418759139521233e-02
3.496997956440886512e-02
3.835517079995661577e-02
3.757815116738066202e-02
3.998647075513693527e-02
4.075867376367271755e-02
3.823989340454746200e-02
3.329546997501899724e-02
3.753098768627425447e-02
4.197083171489284642e-02
3.194357041184752583e-02
3.161566867653830409e-02
3.367560246861855955e-02
3.289257999620621986e-02
3.921737628284267113e-02
2.992295320465607200e-02
3.876993406938988862e-02
3.797413454516864600e-02
3.658775434064648335e-02
2.791596831712164772e-02
3.743188785193046070e-02
3.496810243273355823e-02
3.632973995926639527e-02
3.859184046199423679e-02
4.066039983494742355e-02
3.483608533555655751e-02
4.454355039984172343e-02
4.285188093295852485e-02
2.710109135137748343e-02
4.365390595220971365e-02
3.929218447940256709e-02
2.995455786587630093e-02
4.377524389965541107e-02
3.720585072802960053e-02
3.972865136053806839e-02
3.747557443613365458e-02
3.467560663586194414e-02
2.361804627229704273e-02
3.294177685045381054e-02
3.448654460875268113e-02
4.921816946737313930e-02
4.355502740182134319e-02
5.064942643757622959e-02
3.957171864740084005e-02
3.423247264269602824e-02
3.014736485683576495e-02
3.519525259120603183e-02
4.046746542873550651e-02
2.498114576156595240e-02
3.941410226600534222e-02
3.478755933926094140e-02
3.441206398400394745e-02
3.531958112475965667e-02
3.304681131855592702e-02
3.282809104510543696e-02
3.506839233599062799e-02
3.506176140830379734e-02
3.469419939644679401e-02
4.060113444221672557e-02
3.471342026434390965e-02
3.366152463102266290e-02
3.305712851282671672e-02
3.926434380062150675e-02
3.461422628966606685e-02
4.266525953837967122e-02
5.349352553539853811e-02
3.156699291191666229e-02
3.451906520406489154e-02
3.322171780122780416e-02
3.913108810969254808e-02
3.540870137276497936e-02
4.148184869279320647e-02
2.935050268962164158e-02
3.511355153634862503e-02
3.646594212683023500e-02
2.766933859834670023e-02
3.694533267221396244e-02
3.273326156563814010e-02
3.678139722254229749e-02
3.516150036239141380e-02
3.781285194976271441e-02
5.221923449500064790e-02
3.590703374861160119e-02
2.901516639662408276e-02
4.583483391486185832e-02
3.588606718788677624e-02
3.396327364823161638e-02
3.400071615139264175e-02
3.326887165325228407e-02
2.508539429033289705e-02
3.435801974772736272e-02
3.529747582587326044e-02
3.381516202990576120e-02
3.734599945398390380e-02
3.064293388904345411e-02
3.386593260663211397e-02
3.616008592393868404e-02
3.356608920784866917e-02
3.211582068387953959e-02
2.990921530007003767e-02
3.624163649265158688e-02
3.550768632952470971e-02
3.841440233288288819e-02
2.164788960807238760e-02
4.748057739595988591e-02
4.276853961267713944e-02
3.551495410974252198e-02
3.493561392030892360e-02
3.547783078365844556e-02
3.241311112404281908e-02
3.393046315101105881e-02
3.521612245025396160e-02
2.021795954569892070e-02
3.799270503268398907e-02
3.765571632014393794e-02
2.960014908356342275e-02
4.573727684186038728e-02
3.557483076013155665e-02
3.669148614582681822e-02
3.518797514770714147e-02
3.528599032533774604e-02
3.232219204292943043e-02
3.609615115165394628e-02
3.422535413241164365e-02
3.618558818228637119e-02
3.332095490201050780e-02
3.584121414689737245e-02
3.536899869388644702e-02
3.352237090231862532e-02
3.880091145411432990e-02
3.997162952636975491e-02
3.653174016863130341e-02
4.474864300971529568e-02
3.687794172256652486e-02
3.548985651334372188e-02
3.299175195605728167e-02
2.222057788992311961e-02
4.720550808586006231e-02
3.545346150912014743e-02
4.182008685485522764e-02
2.997294367516839184e-02
3.531311161087322126e-02
3.556798251085612622e-02
3.901222866249765692e-02
3.064372973457908655e-02
3.568392831990728487e-02
3.742379369966739727e-02
3.047428661464516089e-02
3.399103615492921060e-02
2.755871018714181955e-02
4.116896229284763148e-02
4.772330674004113954e-02
3.821934889493603521e-02
4.476229183329931416e-02
3.528856691962323211e-02
3.593757520910491332e-02
2.808974205939110402e-02
3.471452487602626896e-02
3.717431019344381166e-02
3.520389357064140218e-02
3.706497936265731180e-02
3.941229639166548421e-02
3.611343165705253183e-02
3.835586803048047361e-02
3.487210474166149016e-02
3.184343400407940727e-02
4.484674928665129123e-02
3.518238447310480244e-02
2.996609706384239027e-02
3.377215249134102315e-02
3.825547757292310780e-02
3.870290483731009951e-02
3.977384770759398447e-02
3.505430187500241379e-02
3.796652261658938626e-02
3.605938396626611614e-02
3.470903725458374112e-02
3.975586506569660228e-02
3.041013520226005032e-02
2.969293498780575108e-02
3.766921541256335743e-02
3.646964358122894989e-02
3.295406595932894728e-02
3.634144777415061062e-02
3.040057834874296261e-02
3.390573100101769433e-02
3.393041268189773974e-02
4.294066774883010390e-02
3.462050619049362316e-02
4.255063703551897891e-02
4.404223148710971480e-02
3.076181839407905738e-02
3.447412421794568416e-02
3.391102823191682880e-02
3.038872118143999893e-02
3.403083611822065035e-02
3.694140190752145947e-02
3.157931135484818436e-02
3.798216855406736508e-02
3.757230587587976484e-02
2.841731805259916852e-02
3.959926369233695426e-02
3.228184807192664707e-02
3.269639656104602471e-02
3.613332258913146827e-02
3.783071452769741494e-02
2.450702703584686434e-02
4.959043137128039958e-02
4.331118402425511438e-02
3.467008894709940753e-02
3.683158413543295706e-02
5.204758054593697919e-02
3.839201476586055761e-02
4.500475217467043293e-02
4.032642190715740593e-02
3.723458012369085246e-02
3.667119254537420936e-02
3.787984055361178631e-02
5.361363955015504418e-02
2.744921034860177411e-02
3.197380959561767905e-02
3.968176508405817787e-02
2.857590579397809374e-02
3.404317588359829366e-02
3.135672803287421762e-02
2.240514842461187317e-02
3.432664670649972910e-02
3.514017916702395772e-02
3.420994897909174909e-02
3.012349055274567144e-02
3.615561442443423340e-02
3.541166686098413952e-02
6.871912982008623882e-02
3.059354640688002197e-02
3.704395504420922997e-02
3.772341307825722440e-02
3.955649824466328512e-02
4.676352682234153485e-02
3.526268422652031886e-02
3.419116709580988234e-02
3.610574808388826440e-02
4.326457587252711956e-02
2.281589361978804409e-02
3.505628470944271990e-02
3.833371205880756888e-02
3.247953086124968913e-02
4.128723724016266500e-02
3.310216901739510692e-02
3.469216249512278166e-02
3.481568418633139428e-02
3.511945401752041007e-02
3.560058812061225181e-02
3.860503354512184737e-02
3.067751618547345446e-02
3.391814643265931434e-02
3.563351101800337623e-02
3.734906016771939036e-02
3.827241907136619270e-02
3.197695123767474445e-02
3.201776611175728704e-02
3.491140189052872184e-02
3.071554357759714513e-02
3.465055424030035608e-02
2.666762131452880824e-02
3.207865683729548001e-02
3.185378759062251069e-02
3.636508514690670740e-02
3.855830829808105931e-02
1.906150004665580627e-02
4.408790469902952591e-02
3.196976741801361988e-02
2.867193524061321941e-02
2.706465506580472274e-02
3.986724079274322347e-02
3.361797872741205395e-02
3.516674085438386416e-02
3.456414775858425437e-02
3.402992761372331670e-02
3.847563179210349710e-02
2.325664935563849858e-02
2.885974487286079027e-02
3.533058635870592323e-02
3.119569891563766378e-02
3.388592106329788023e-02
3.652165577148185072e-02
3.518239385083143933e-02
3.757770005222701298e-02
3.461828927363563152e-02
3.257409008486684271e-02
2.279218002438279655e-02
2.426581378741002673e-02
3.094811416083305053e-02
3.086335971686761034e-02
3.393161582727785563e-02
3.390705909125512479e-02
3.236107500207197063e-02
4.160266183442316162e-02
3.098717011020329232e-02
3.726213297957207959e-02
4.497696661208315516e-02
3.358777170604340667e-02
3.931171560084985306e-02
3.405528812628377117e-02
3.432809135848362975e-02
5.182283773074482930e-02
3.430435281457314828e-02
3.748237352357765978e-02
3.532966940162692721e-02
3.507245068055266785e-02
3.535458345148885517e-02
4.322365767184093571e-02
7.145694928360314668e-02
3.721459483897219395e-02
4.472340274145727296e-02
2.564608115549155826e-02
3.873157482861691592e-02
3.524426636325001666e-02
4.228463697227901469e-02
3.644596267033281545e-02
3.714737961636492558e-02
3.431266841904268700e-02
3.290515863990801232e-02
3.802750088114472543e-02
3.564120196602735269e-02
4.040690196618434288e-02
3.158768295033037576e-02
2.945489055177121646e-02
4.757745439041862617e-02
3.643120646174687061e-02
4.921445343383303028e-02
3.516544326046879693e-02
2.877994703449723163e-02
3.546058579014313428e-02
3.533009935959691150e-02
3.529570017826378497e-02
3.566983848774089166e-02
3.733836708391979897e-02
3.409497219901354292e-02
3.139441624937444608e-02
3.725220063093188233e-02
3.260377489383381455e-02
3.914048311591773743e-02
3.205908907118054652e-02
4.964815613485182993e-02
6.222290193135215225e-02
2.879459201315040864e-02
3.512725539318305168e-02
4.705123339682922012e-02
3.319577026752656285e-02
6.095380852989087939e-02
