5.903171459162198653e-02
5.710508937930355161e-02
5.952053918235710589e-02
5.943792206376644072e-02
6.057170577880278961e-02
5.638304349172174740e-02
5.901859174449558543e-02
6.273985335213995429e-02
6.256513464510342348e-02
5.953160669229647095e-02
5.977470264241258741e-02
6.080428139348337951e-02
6.100395169504921333e-02
6.035110479691546681e-02
5.592905202834949629e-02
6.139706854277874465e-02
2.437666568363448111e-02
6.083066356155134718e-02
5.816535427738750430e-02
6.246116556818322868e-02
5.228701444192335179e-02
5.887911883642798355e-02
5.931265690177060790e-02
5.737042992273354292e-02
5.990950806010322122e-02
5.988932316475405193e-02
5.817383339976813644e-02
5.987990587969627826e-02
6.452248601165551378e-02
6.001376393974518914e-02
6.010169495623205599e-02
5.667381023338981250e-02
5.538218235789315463e-02
4.485775435253672866e-02
6.197204425257295257e-02
5.916635252050644195e-02
2.894188321408597275e-02
5.657143241096351111e-02
6.289102560116391349e-02
8.960369196759795929e-02
5.782399473512844085e-02
5.954596506386400367e-02
4.762159655267307612e-02
5.646979659074486541e-02
5.840257277989965162e-02
5.971027205794614268e-02
6.193509709382080675e-02
5.586727276724413188e-02
6.162065097066965480e-02
5.915416868586823029e-02
5.009619388687389790e-02
5.212512752632769003e-02
6.206349920442932183e-02
6.125231669046368038e-02
5.044492347828602452e-02
5.762167692733281832e-02
5.992356674827922780e-02
5.929523474234825453e-02
5.960885564831693711e-02
5.648768313199468288e-02
6.116840873625906810e-02
5.458241393501788580e-02
5.562782613378156049e-02
6.179467169317771208e-02
5.970303041489287421e-02
4.793561255247875269e-02
4.547727221507133488e-02
5.759749595583275178e-02
5.684031600633225600e-02
6.860406502434646114e-02
6.204000294317139202e-02
5.955026334896520307e-02
5.933895855486814169e-02
5.991559812889252212e-02
6.693451539928517435e-02
5.236209224763745812e-02
5.642528849441568600e-02
7.364244506331633910e-02
5.856100663864884787e-02
5.537711944243455670e-02
6.039181687442603252e-02
3.893021438623336938e-02
6.219495321208581146e-02
5.985253951578311388e-02
5.988902882430546110e-02
5.681533354249886786e-02
5.549297967102265194e-02
5.446789277392859174e-02
5.934578716937660703e-02
6.138422787662619479e-02
5.813102179537278646e-02
6.123652721397550291e-02
5.743418749878301255e-02
5.922923029504259529e-02
6.626206707200121837e-02
6.113122531799924236e-02
5.859665302141489618e-02
6.094103646448824352e-02
5.216989498866314579e-02
5.901123417897303353e-02
6.051534776415841421e-02
6.156592345452022164e-02
5.914507551457316020e-02
6.171431858064132386e-02
6.072788839538120070e-02
4.506603961918437262e-02
5.749960852228264141e-02
5.814086561711914736e-02
5.981580180518179107e-02
6.082460703270563956e-02
4.312667057210814447e-02
5.655157199049981598e-02
5.787501790428274673e-02
6.151647910189561586e-02
6.716516485031141792e-02
5.645804608840574584e-02
5.403606063044612967e-02
5.926097013371146860e-02
6.290099885201337615e-02
5.833803339580043851e-02
3.209815156580301393e-02
6.813594564207105242e-02
4.853994311451675231e-02
5.673398101511299002e-02
6.101191291275885609e-02
5.277391760547306410e-02
5.931448297635157074e-02
5.998428281467080292e-02
5.933380471558756530e-02
6.182532779430451736e-02
5.664234641787724289e-02
6.561299806267338608e-02
6.455179468079547123e-02
8.240207070357571939e-02
6.239082896172663817e-02
5.821297358090964796e-02
5.284540694342090839e-02
6.047876102944504950e-02
5.599083179149005884e-02
5.764883455752382868e-02
5.884001210279149463e-02
6.241306536223809737e-02
5.291907981813630257e-02
5.815703467272887589e-02
6.041391284934512912e-02
5.930696643899938114e-02
5.533211775276534322e-02
5.923828407355242326e-02
6.398671378534312448e-02
6.141739595711793315e-02
6.391532173187072785e-02
5.992460106200008657e-02
4.863070108336541714e-02
5.908901351620323567e-02
6.958906494388159003e-02
6.280953132895855662e-02
6.834408377296911918e-02
5.958400344090419853e-02
5.580215319711200050e-02
4.960000458454807970e-02
5.314409745387620176e-02
5.216351520854672907e-02
5.375222267385271202e-02
5.966705141678916441e-02
4.884068965641114035e-02
6.706618116596763102e-02
6.079481133162472489e-02
5.279601327935992683e-02
5.967232875473951065e-02
5.793319546234829837e-02
5.665722725970976509e-02
6.207841576885408247e-02
6.636085923598691871e-02
5.605623146113270644e-02
6.397012588187286908e-02
5.010364476448159882e-02
5.851427097612195427e-02
4.651870465893144513e-02
5.504545417658249923e-02
6.463081079455615385e-02
5.473421373973349352e-02
6.390750377961658402e-02
5.224488960038668750e-02
5.836758060294110900e-02
5.955553252376559470e-02
5.768781730964181453e-02
5.194878468733509641e-02
5.954809987264081395e-02
5.946229036725895339e-02
5.290323565774854991e-02
5.616985164299745370e-02
6.037755105280932094e-02
5.588672039509003792e-02
5.169588603187266762e-02
5.979629877729873005e-02
5.863556463819803027e-02
6.741394826340235680e-02
5.244816935413427333e-02
5.388333442986362187e-02
5.810723139616398580e-02
8.044024492223575407e-02
6.038169972572664940e-02
5.686722402310279839e-02
5.359353278552641403e-02
5.128753400803259810e-02
6.684854465462250483e-02
5.986454237414998159e-02
6.283997090313886424e-02
5.831544552434270862e-02
6.087855197032858434e-02
5.843073915038617810e-02
6.663451710742337997e-02
5.951229837644779475e-02
6.111861092849565913e-02
6.706281626351455472e-02
5.530468712162400768e-02
6.464140456821627911e-02
5.888514421380458552e-02
5.874094902664559609e-02
5.808516042680542113e-02
6.001500229901059885e-02
5.849850681707582239e-02
6.305316859402863849e-02
5.704264167098248989e-02
5.508622851548269223e-02
6.108676984069524168e-02
5.431235775550349171e-02
5.413004236822364229e-02
3.453853869352099121e-02
4.823281487384060984e-02
6.188833774474604421e-02
6.201349937313142130e-02
5.785438461026658902e-02
4.946983454388187429e-02
5.922987689541769907e-02
4.998454716192467229e-02
5.609015864692872000e-02
5.432923040271252918e-02
5.931090079525258574e-02
6.269471611752183704e-02
6.062911847492636480e-02
6.785785318198919724e-02
6.288706600468178809e-02
6.899815942821788117e-02
5.862034401955134449e-02
5.946622468754238222e-02
6.654722664517211117e-02
5.960391467575521657e-02
5.965989701887237234e-02
8.197504265562985393e-02
5.653578036816588048e-02
5.725895488082032025e-02
5.521584565306322800e-02
5.015853225238969815e-02
6.396412965711012477e-02
2.716290690006951253e-02
6.001179953896446095e-02
4.069749686885565376e-02
5.553394396252711585e-02
5.970235866837510230e-02
6.657413562732063250e-02
6.564646785480356128e-02
3.232512887720873085e-02
6.372127600299098971e-02
5.706419402781289646e-02
5.834045885076170890e-02
4.198203432224279635e-02
5.329904834659136142e-02
6.307057110749850204e-02
4.925780897875055298e-02
5.913105276558256601e-02
6.004215977060206599e-02
6.208146015463814754e-02
5.967300166678705942e-02
6.116588014385059696e-02
6.315192930484046785e-02
4.264699007959705385e-02
5.849691114140335296e-02
5.665905981200345526e-02
6.204230854426731612e-02
5.594209084516955921e-02
6.585857219230339954e-02
5.535089892382016180e-02
4.823576199176336093e-02
6.091333254370945305e-02
6.166425980941988433e-02
5.418273242373448928e-02
6.097852200674909462e-02
7.156129332537987386e-02
5.993773451304169886e-02
5.797838463422835820e-02
6.277839372021146169e-02
6.607251126492061366e-02
5.523218414788044761e-02
6.559203750434015878e-02
5.819987533951196529e-02
6.805218028146345355e-02
5.599972623147325690e-02
6.076534823373458405e-02
6.252655905272483383e-02
6.428953341910398356e-02
5.914040411181691048e-02
5.931645121795359882e-02
5.406677649072531150e-02
5.342312193077287941e-02
5.962718341198170596e-02
5.853514529748750361e-02
7.413963163403020085e-02
6.476468884208362586e-02
6.104788737206170296e-02
6.124045604780351676e-02
5.922454593135691170e-02
4.674986222887284049e-02
5.435203887693292740e-02
5.609935995278171605e-02
6.430342052201017122e-02
6.336623950067754585e-02
5.573667989262299366e-02
5.645815270027387117e-02
5.907752542205253754e-02
5.903949870440493297e-02
5.564574925363782038e-02
3.296341566847471594e-02
5.984559519643462694e-02
7.181780436838025583e-02
6.164508577977603765e-02
5.981527602141530758e-02
5.481134573820893585e-02
5.974417112144023850e-02
5.980173622012602275e-02
6.059143602156839836e-02
5.916201489687882009e-02
6.154539023833403150e-02
5.943569457418936691e-02
5.884234578626350992e-02
5.920353836019569965e-02
5.404172342221225805e-02
6.136925545589022590e-02
5.599348604975834531e-02
7.566665784274904938e-02
5.407715980673497708e-02
5.581080499043156867e-02
6.044557413473555796e-02
5.564375194298035177e-02
5.984382818216871236e-02
5.954121569999303726e-02
5.741459403011815732e-02
5.384593006762394829e-02
5.674662848817069172e-02
6.155357582913872916e-02
6.032722868293850099e-02
5.944136740822754394e-02
5.767295617077024261e-02
5.897472189108757951e-02
5.961393810939073779e-02
6.109317599316128194e-02
5.950122832724543537e-02
6.134317924145849671e-02
6.014099175076394188e-02
5.906479546206754722e-02
6.026131969118338899e-02
6.634957507605465654e-02
7.412008383502338704e-02
6.077295996261424665e-02
6.517640711220125393e-02
5.897639740639778333e-02
5.435136643270910978e-02
6.730772776663891677e-02
6.547220686618913932e-02
5.866375483034049626e-02
5.825489743409426741e-02
7.688103208957972057e-02
6.416101648187232109e-02
6.067552004836369167e-02
6.883916892100383489e-02
5.226077931767670465e-02
5.666103784907296215e-02
3.234691816865249009e-02
3.296885350711309393e-02
5.875114425038319849e-02
5.092462597122571211e-02
6.343084315020043606e-02
5.990435231235144431e-02
5.824889221302779335e-02
6.673929442108304799e-02
5.946321015995210263e-02
7.197550434899721572e-02
4.592224171423804624e-02
5.593908371495084214e-02
5.893051809613351205e-02
5.986993349965454708e-02
5.839266182367006119e-02
5.715055058640880481e-02
7.225792929357388594e-02
6.443030876381322658e-02
6.036472743513499051e-02
5.959732155489939898e-02
5.949949502128193402e-02
5.239722626214501217e-02
5.957800098627460267e-02
5.428395698868862529e-02
5.967211081475986417e-02
5.124471130373987188e-02
5.309677553989281679e-02
6.332837906824519136e-02
5.937498182340027186e-02
6.261518865699276792e-02
6.051254894968588482e-02
6.440540396124219691e-02
5.743856522872987924e-02
6.140853578407704655e-02
6.831413100538812067e-02
5.261813815223242291e-02
6.311045412284087275e-02
5.942381728899624738e-02
4.632768433983391887e-02
5.556494956016785891e-02
6.099538491180293148e-02
5.547869596466079717e-02
5.834522378912465612e-02
6.311278398698641490e-02
6.506851933288759771e-02
5.949030074344136693e-02
5.996502807411527303e-02
6.015815640904167982e-02
4.858429675237269790e-02
5.878820152387086162e-02
5.807434665738095414e-02
6.156645335389023671e-02
5.300683811897474035e-02
5.562537501227685782e-02
4.758920278104756402e-02
5.427357275963495126e-02
5.342832001648076951e-02
6.153276505393353440e-02
6.074446786796716680e-02
7.435734165327784195e-02
6.069837762024574840e-02
5.333301784325154143e-02
5.955420863068275339e-02
6.533503761622913575e-02
5.952222162163759572e-02
5.765263969677048017e-02
5.572789074154457095e-02
5.986296594824579848e-02
3.292970908573838312e-02
6.736587181579850592e-02
6.037501967698831462e-02
5.486287956036180885e-02
6.017849929451396518e-02
5.863943171028591222e-02
5.792695201529874521e-02
5.909418050040735060e-02
6.147368990172313863e-02
5.944890696865903768e-02
5.901209293327750599e-02
5.332893764914239249e-02
6.104899379886999378e-02
4.756934266920748861e-02
5.735629420979863197e-02
5.516398069498062995e-02
5.625066600939651607e-02
6.865361017957240242e-02
6.069595645646083670e-02
5.558390510050689043e-02
2.743586412945169320e-02
6.078419085254397475e-02
5.859221357411848602e-02
5.555965733697947745e-02
5.739475081241670468e-02
3.550472608987889633e-02
5.852396966832181663e-02
5.289958136224598428e-02
5.522218673935808120e-02
5.155746375666291764e-02
6.749555182404204379e-02
6.422781050617312748e-02
5.339585035512563194e-02
6.045261917309702887e-02
5.120074972311237232e-02
5.707381522634857873e-02
6.566644227770922215e-02
5.642763102140904707e-02
5.984025650100625870e-02
6.154187924554017225e-02
6.027187534575336597e-02
5.812881165150494273e-02
5.737094164237424576e-02
6.188568407211955669e-02
5.112527921851900414e-02
5.983908104011879253e-02
5.638425507171124229e-02
6.113759668052208551e-02
5.770202177651512221e-02
5.940791377198307438e-02
5.684131071173380984e-02
5.566026481899746803e-02
5.808693974357357487e-02
6.048209953004235473e-02
5.945924330937773367e-02
6.570889443999892998e-02
6.133006476963005771e-02
5.989341856734092112e-02
3.653305773622243791e-02
6.189035539804673552e-02
5.833862932851760497e-02
6.019364743628522613e-02
5.682755201048377003e-02
5.555510605821861736e-02
5.918551820187571699e-02
6.374056425073267029e-02
5.946196524045533477e-02
5.969759638759722375e-02
6.273420878794599975e-02
5.914118699841303811e-02
5.946031154245015604e-02
6.059756116176297919e-02
5.537197661327164511e-02
5.943351523457118118e-02
6.007994963175679326e-02
5.078292541587068470e-02
5.943338351645679335e-02
6.073887904312015584e-02
5.596625523099155175e-02
6.774216278156879045e-02
5.687816270693171056e-02
7.176351056780273796e-02
5.477974114478389306e-02
5.873676781329558588e-02
5.486835754119966102e-02
6.166743183458468780e-02
6.018276523070035383e-02
5.853132205956573797e-02
5.838857869276208035e-02
5.708043359842167319e-02
6.245361412387728101e-02
5.800063990720962653e-02
5.882096587402711046e-02
6.835712467968442507e-02
5.834667695717349334e-02
5.876233261443638417e-02
5.924372192757228900e-02
8.354602737291985659e-02
5.803271127129489004e-02
5.699946112282366223e-02
5.881436359485121834e-02
6.148077921995900169e-02
5.457888329508163439e-02
6.009541568027967906e-02
6.454606484757013929e-02
6.589735123713429121e-02
5.912111790528660343e-02
6.752047978113968896e-02
6.157386885291464551e-02
6.098568609472145713e-02
6.055260304922313597e-02
5.445470411262943317e-02
5.756535014726564536e-02
6.150170661220473456e-02
5.812384492041872824e-02
4.883009522603481284e-02
6.083575834788735454e-02
5.210439703123275618e-02
6.176573238867039822e-02
4.795292176986477167e-02
6.007412347565464772e-02
4.688188901386077662e-02
5.734680469773345557e-02
5.988791456691777010e-02
5.401540017506924196e-02
5.251788626109451380e-02
4.647559922905705743e-02
5.169619659314246551e-02
6.026024366503646146e-02
5.889242055958057720e-02
5.356595861852840590e-02
7.420987205836294953e-02
5.691403046051286829e-02
5.908230176233850162e-02
5.696241623228232714e-02
5.504770737175525286e-02
5.845182485791231702e-02
5.785788564039534565e-02
4.464327704939494157e-02
5.928060409627190080e-02
6.371171041470757856e-02
5.831682731509712364e-02
4.853308267372581641e-02
4.502768394591547679e-02
5.727811384995960819e-02
6.154982797592040145e-02
6.584083048626682144e-02
6.699496320806008764e-02
6.879923753460782943e-02
5.301260887920999920e-02
5.303202515403471901e-02
4.864990888458401580e-02
5.916951202325908959e-02
5.875123826276001937e-02
6.302031156780614485e-02
5.446164451645615218e-02
6.021224637388811196e-02
6.223034043727057596e-02
4.577371691460341979e-02
5.358968188249255138e-02
6.533486793616087585e-02
5.588424425705548759e-02
6.079393017267219895e-02
5.760132426234067238e-02
5.682314746016303014e-02
5.870580287414269016e-02
5.880843937526133991e-02
5.948282219910931701e-02
6.290427203548427937e-02
5.512962733631773110e-02
5.944246995702755915e-02
5.724777484364801383e-02
5.983387390632395608e-02
6.137315001002159598e-02
5.823524119848265401e-02
5.836153945022164863e-02
5.884770597390039104e-02
3.912538749651253700e-02
6.072498656067473743e-02
6.289888365346295307e-02
6.964678894122754149e-02
5.273783141112649980e-02
5.414541167492890883e-02
5.105871355722637478e-02
6.064112372732466394e-02
5.279512789661684052e-02
5.532292483171520614e-02
5.951586352355761611e-02
6.766594459311214838e-02
5.248922685985935727e-02
7.246809919589269899e-02
5.936490259490313087e-02
6.443828710713450647e-02
5.795606184457256088e-02
7.250880983576733774e-02
6.036964858190021349e-02
5.771240143096782044e-02
4.794815839912357214e-02
5.918957383112532361e-02
5.925509537206098687e-02
5.396677675623319514e-02
5.274863946670669407e-02
5.944471532811748671e-02
5.702803569673994821e-02
5.991928119454219964e-02
4.689804183852570862e-02
5.867804761251365492e-02
6.009402645208992977e-02
5.981632619322142103e-02
5.558812519106368782e-02
5.876101535579088958e-02
6.184837875464941487e-02
5.755792641208037907e-02
5.817165481152144352e-02
6.528869671928880236e-02
5.211593331699471837e-02
5.641697166336264585e-02
5.953703118548322321e-02
5.503429284543235461e-02
5.903864239728898872e-02
5.069841753617322644e-02
6.198091922595391767e-02
6.559392412280085072e-02
5.876789303562195144e-02
5.934317833784204937e-02
5.885623979855730825e-02
5.853584228327673306e-02
6.085547568366381915e-02
6.348633845837980960e-02
5.979137289187098914e-02
5.739040419049053210e-02
5.796419031408900358e-02
5.683261160062967610e-02
5.625217145657525342e-02
5.981941694643359148e-02
6.193042356766164519e-02
5.746594203088804809e-02
6.352569844774018371e-02
5.475740614148414537e-02
6.145091713802251082e-02
6.700348071734700539e-02
6.570402536916646052e-02
5.459281240871160373e-02
6.013669829212130863e-02
3.821594247911572206e-02
6.028614857777953029e-02
5.731710861023359832e-02
5.433294567764432315e-02
5.966204408687837690e-02
5.946674191949963967e-02
4.993595617734685604e-02
6.125061323356222054e-02
6.820065309551497090e-02
5.554867086704397272e-02
6.019957553761254299e-02
5.786813850420233218e-02
5.288415695500649216e-02
5.071365247062124826e-02
6.862131693924659881e-02
6.881343637591472162e-02
6.011901127932731820e-02
6.199996631510081013e-02
5.690030752606553555e-02
5.976586455225329358e-02
5.752166412590502959e-02
6.453711890589047817e-02
5.987873643109830474e-02
4.875256118466681637e-02
5.640813677407211651e-02
5.890403936242887689e-02
6.910661453191840886e-02
5.264708988629492048e-02
6.818390434012711054e-02
6.284885773292037126e-02
5.479236626986488945e-02
6.060489470870545486e-02
5.473648129896033221e-02
6.424301351617769940e-02
5.992409221522566193e-02
6.303167382981210431e-02
5.994363453410562342e-02
5.668295773859550329e-02
5.919769180531521402e-02
5.892939821381045634e-02
5.635623548265843163e-02
4.215998588794397928e-02
5.888184656215493529e-02
5.738096992604331537e-02
5.702547854617457529e-02
5.948680061579045275e-02
5.689134975792412702e-02
5.524388702086235892e-02
5.633175534144182345e-02
6.825377227310561179e-02
6.173465230428007433e-02
5.942574784273961519e-02
4.095487885959509661e-02
6.118930869169788428e-02
5.890973672172875042e-02
4.125228241539976443e-02
6.727020205892922378e-02
6.067210973636674720e-02
5.986202254436887721e-02
5.898386610950639986e-02
6.051161421166374038e-02
5.494497042101424700e-02
5.885819001060688810e-02
6.078187082566829241e-02
6.004149564575489428e-02
6.211933980497281321e-02
5.631937558170124064e-02
5.963812087007630547e-02
5.804058727362208098e-02
6.014966642568306265e-02
5.885851784836749340e-02
5.791375344624989652e-02
5.447625547839344412e-02
6.779834145870504425e-02
5.957261182457507243e-02
5.659838495718354234e-02
5.906730609456401632e-02
5.963567052916718403e-02
5.962088942660269397e-02
5.801061853162349513e-02
5.624209139308715411e-02
5.292556223258507858e-02
6.607568438196789740e-02
5.934288109853472909e-02
5.986820210877418641e-02
2.891120070431054540e-02
5.608810073301420673e-02
7.153461760027836347e-02
5.535634124532887862e-02
5.906878329141189432e-02
6.120180551763186594e-02
6.472338721451459387e-02
6.428249074173274236e-02
4.635709596733668392e-02
5.487867573554360001e-02
5.980716400232159724e-02
6.789444425329031751e-02
5.924230550763544267e-02
5.147879208433753240e-02
6.258662231772649243e-02
6.030699277556458154e-02
6.619299440182688232e-02
3.955973594655861486e-02
5.180098428763753315e-02
6.051239101137278337e-02
6.076334324901151024e-02
5.882289894869518337e-02
5.887325520503366993e-02
5.642967929562074658e-02
4.731090027172754620e-02
5.358710702170024071e-02
6.084852337695108998e-02
6.353519349457804888e-02
5.912716872011534314e-02
6.101262717190757134e-02
5.885634818463687107e-02
5.543801626253850451e-02
5.986240294997548922e-02
6.269657975796646965e-02
6.089543196710221762e-02
5.907345945653950936e-02
6.346318326253708175e-02
6.308660002244564913e-02
7.348466974673209529e-02
5.018506390933222261e-02
5.905728068320850732e-02
6.148008401351015562e-02
5.134472198095345330e-02
5.256127190337445826e-02
6.094317344410053738e-02
5.421290627091494146e-02
5.547779433099382651e-02
5.441859454421372339e-02
5.986186867890094104e-02
5.595776374239031653e-02
5.971001818407900563e-02
4.315209430942214264e-02
3.955346185554130256e-02
5.821266129671164719e-02
5.232632612625055107e-02
5.936035944533890607e-02
6.615099756083993310e-02
5.709941234611860122e-02
6.150143982262430004e-02
5.333008429182631294e-02
5.774380690583694187e-02
6.383442704773900633e-02
5.512941646880000629e-02
5.899847038134840155e-02
6.247585325880265772e-02
5.877235838508142879e-02
5.909709726386624951e-02
5.986880031586966355e-02
5.786156913297967053e-02
6.126152240125298798e-02
5.597615288299236103e-02
4.789864000383347448e-02
5.964266534259596297e-02
5.459563584585601370e-02
5.400761582743630190e-02
6.011424801762165621e-02
5.823063306681589696e-02
6.143223438311533335e-02
6.984498798013938359e-02
5.902389859703888186e-02
4.775278052374160725e-02
5.810632868245523691e-02
6.161131018023639772e-02
5.844957052220942778e-02
4.261280335816897136e-02
4.213059795648838729e-02
5.990495376756423823e-02
5.927527499971512598e-02
6.168471140348213283e-02
5.882793040572688315e-02
5.683607140485733011e-02
5.886730472364503503e-02
5.060841151518248593e-02
5.904236414862099741e-02
6.006276599109499487e-02
6.376359889514614243e-02
5.974276238389972238e-02
6.320280175223662311e-02
5.353399898888490382e-02
5.941256635812016546e-02
6.407940216616014872e-02
5.928274287481111182e-02
5.980459069819967638e-02
4.903893549605433527e-02
5.958006796673232658e-02
5.316793354756489676e-02
6.621556123264900340e-02
5.754614029642365208e-02
5.648506895508747377e-02
5.948670199830947275e-02
5.165307132207736657e-02
5.937548530927461848e-02
5.688604930284472255e-02
5.826893964082890259e-02
6.028146525156367896e-02
4.932416399920809547e-02
5.971999809684524346e-02
5.942895858613837790e-02
5.948444003994994567e-02
5.082008604204184266e-02
6.747325591205907691e-02
5.387582331908650352e-02
5.753031700400162290e-02
5.916054783966628178e-02
4.393220630107258495e-02
6.061716449860497097e-02
5.667784939037979336e-02
5.709777987734049320e-02
5.740138777194522118e-02
5.914718089948756141e-02
6.066856715475030942e-02
6.079748258739223199e-02
5.903507594638509465e-02
5.883026590158849101e-02
5.872259460457558006e-02
6.437426262405801514e-02
5.729380213111892606e-02
5.506285513813747451e-02
6.025241410710170664e-02
6.113042491373359144e-02
5.946119519716527163e-02
6.955906242505127679e-02
6.121529715704274177e-02
5.698052623459776839e-02
6.298072481254109178e-02
4.691085512307002769e-02
4.601782491154150778e-02
6.033450456305221310e-02
5.952032321315712388e-02
4.385628088226662530e-02
5.981013065447603888e-02
6.005059739136241886e-02
6.531775152763528991e-02
5.778482398357293048e-02
5.952606112855741982e-02
5.948777632227945922e-02
4.851314236470474772e-02
6.261133523315261240e-02
5.873780321093440698e-02
5.694009701907002535e-02
4.356019230440035667e-02
6.222068263785247855e-02
5.652005652048833900e-02
5.686198578469052467e-02
4.877411372874820850e-02
6.062882788413286733e-02
6.598286548738480084e-02
4.935159905902743172e-02
6.955114122861072445e-02
5.721621269008520666e-02
6.144939851221530025e-02
5.955636368497992106e-02
5.818841690632705482e-02
6.033436261904257664e-02
6.403790704435427528e-02
5.818152489547629563e-02
5.963775377071039302e-02
5.186371780707868528e-02
5.857147839986773935e-02
5.972351938965990426e-02
5.831394341474046422e-02
6.496773311367580461e-02
4.822948597469733228e-02
5.664434460014149825e-02
4.559187988783457851e-02
5.744161180605365791e-02
5.913863590832662415e-02
5.731878505069804008e-02
5.881793341020843252e-02
5.110139758043223679e-02
5.758280685770857804e-02
6.629091444053217264e-02
6.053191605109130985e-02
5.645318114933708942e-02
5.483662132259860961e-02
5.974513101605945231e-02
6.210879346157557185e-02
6.895932379653436917e-02
4.649673288906822077e-02
5.982461275848506566e-02
6.247229972336092174e-02
5.972849610737785558e-02
3.537927355280068298e-02
4.605275627949038941e-02
6.074485553287212874e-02
5.676822392251037325e-02
5.982602454253742319e-02
6.352954907539823393e-02
6.010007667166623185e-02
5.962632211834555107e-02
7.416028831464220594e-02
4.488153715326904936e-02
5.995309189842328718e-02
6.037644001155081236e-02
6.482027674488557989e-02
5.755613661074940324e-02
6.390403233157761209e-02
4.968174876637488496e-02
6.031529400311221034e-02
6.777460093495919768e-02
5.934601287525850116e-02
5.940848099127414572e-02
6.376833365968560818e-02
4.388169622692295047e-02
5.996851357437170404e-02
5.967001608276614050e-02
