2.815798664137835264e-02
3.273772862165511693e-02
2.599587402868937941e-02
2.551378544734158454e-02
2.798501628902397287e-02
2.677952051370707104e-02
2.692285198261486906e-02
2.621353104805692127e-02
1.815908530445345045e-02
2.728365543042905739e-02
2.425728822963004599e-02
2.736104978151682882e-02
2.629073639525585440e-02
2.619058074634833186e-02
2.489127879817779748e-02
3.096791093850725929e-02
2.735232002460735376e-02
3.236264425401420841e-02
2.731977137747636925e-02
2.579629463599014336e-02
2.763117118142669609e-02
2.962567444379305207e-02
2.251810213259726814e-02
2.457985793182347958e-02
2.619218868754440502e-02
2.670169423039446543e-02
2.571177428415022045e-02
2.569085882799124892e-02
2.839599373574525423e-02
2.728335350872475307e-02
2.131079711027375478e-02
2.962603252141315230e-02
2.917796310671191135e-02
2.555616600196322988e-02
2.742515623309747103e-02
2.774017371420265179e-02
2.751212869247876905e-02
2.911958071881837543e-02
2.700805945523860122e-02
2.246680469712852846e-02
1.755159626871506326e-02
2.219247327377617263e-02
2.942121853670545337e-02
3.425871642520763455e-02
2.490001692513344606e-02
3.509286256079881261e-02
1.622833469433774406e-02
2.555052367300524735e-02
2.681260964202578090e-02
2.516040489735476768e-02
2.659755993763159021e-02
2.507140875896505736e-02
1.230175239069472917e-02
2.430257816639313020e-02
2.809331556985451839e-02
1.909528617993552432e-02
2.315515461277577874e-02
1.161248003149449592e-02
2.970675288310986942e-02
2.689829626842342794e-02
2.542240965214801959e-02
2.389036825436315764e-02
3.252187302838600164e-02
3.172540147646619318e-02
3.163932437355197747e-02
2.916261563506405280e-02
2.555810649869344475e-02
2.579390605115079380e-02
2.198697563866718746e-02
2.585978032622087211e-02
2.112641907264870000e-02
2.406322534468595051e-02
2.646420324375482053e-02
2.562480676301132423e-02
2.568409193324815848e-02
2.927544837986473247e-02
2.695858377046340612e-02
3.148523883571403142e-02
2.360527768263583070e-02
2.601047428406046830e-02
2.894687998588870922e-02
3.811727107617128574e-02
2.860669716282128461e-02
2.207490947327611641e-02
2.837696906959141785e-02
2.594302508303645075e-02
2.517760567939746064e-02
2.644110637603611785e-02
2.906905754333673902e-02
2.546053048777600220e-02
2.933304312326091845e-02
2.221696270426160025e-02
2.662305951585334715e-02
2.628652812272226982e-02
1.484483192997218017e-02
2.732617118571821144e-02
2.323049783295715737e-02
2.901503992376787758e-02
3.224792011896759902e-02
2.393008501154564316e-02
1.652993085954912802e-02
3.428539574857136091e-02
2.104958052286677594e-02
1.352610414661743928e-02
3.088613222412080542e-02
1.740379884043751282e-02
1.969246331664250768e-02
2.916076302350560645e-02
3.426605863658047091e-02
3.024905802110262887e-02
2.968218388207660360e-02
1.487579163905614586e-02
2.676911063717976949e-02
2.469404954662667365e-02
2.672915660034074284e-02
2.344966812626831168e-02
2.326816083578307770e-02
3.062613798850501515e-02
1.725982382268893833e-02
2.597547788391685319e-02
2.581895223583769231e-02
2.559858378820694183e-02
1.892035355449387876e-02
2.565450123334304597e-02
1.959344273305894946e-02
2.634827844812162589e-02
2.106120556116190465e-02
2.860315010079153911e-02
3.079505017583982623e-02
2.475245730724712906e-02
2.493401207401733238e-02
2.158556058448354506e-02
2.401826139230422638e-02
2.592639011650936173e-02
2.616229175029398044e-02
1.854661048372133539e-02
1.960929822669543743e-02
2.442893539313666790e-02
2.693218370745206411e-02
1.772887561437678366e-02
2.097501651079580060e-02
1.885900385150978548e-02
2.957691196526516728e-02
2.331730661359167692e-02
3.119482723206079555e-02
2.731417784565886089e-02
2.578126295010553515e-02
2.992488905048252060e-02
2.974470061836015367e-02
2.331183388889830968e-02
2.569703122304618781e-02
2.791086633271232242e-02
2.633771202788796548e-02
2.660110444241498701e-02
2.731483878885456601e-02
2.581716174688284890e-02
2.688436217218723168e-02
2.756165857343232176e-02
2.886210282783286882e-02
1.830469057436338517e-02
2.268933700687034496e-02
3.127582621073204949e-02
2.683789052670531097e-02
2.829727362897551182e-02
2.535068383879523005e-02
3.204452734760975668e-02
2.778234219878716882e-02
2.718803329020053755e-02
2.729684273550911713e-02
1.965426283349868200e-02
3.013165595392837404e-02
2.569828468727446483e-02
2.986460611317253572e-02
3.575979996021173835e-02
2.648595946299787257e-02
2.877164575388915790e-02
2.285293338955766279e-02
2.201098358539077190e-02
3.157542796216528114e-02
3.587567568008951518e-02
2.217118746513149774e-02
2.657936178573067076e-02
2.852878191826622653e-02
2.046873101803660042e-02
2.139444167631672500e-02
2.657525035455635815e-02
3.651289620906254807e-02
1.944891160607879060e-02
2.792469891415623115e-02
5.843975792668931746e-03
2.261959321658534028e-02
2.777890167022242784e-02
2.607420798335652670e-02
2.433298394475816306e-02
2.525281264989001281e-02
3.068609127285507401e-02
2.610247031088405376e-02
2.917060848513161261e-02
2.516814212714609325e-02
2.595909278105137594e-02
2.437233124334385603e-02
2.492234925796817796e-02
2.947946562445116075e-02
2.553744595338707304e-02
2.693576742198590043e-02
2.664526965503375214e-02
2.623782982817958812e-02
2.630929700980943683e-02
2.602469335625519700e-02
2.829839031694896673e-02
2.505733925065211504e-02
2.790627680030146121e-02
2.472158900938004056e-02
2.160089330577682348e-02
2.760236227407764781e-02
3.175979076150042824e-02
2.749998828141348925e-02
1.601933265321284217e-02
1.772526379309798811e-02
2.714576084901720171e-02
2.580861700045389284e-02
2.872234226460679968e-02
2.604586994472130393e-02
2.434953707524602912e-02
1.785771078580417059e-02
2.931505681527299748e-02
3.303528423788551494e-02
2.701348111784863948e-02
2.658759793089016804e-02
2.666551606738575692e-02
2.715369634428592416e-02
1.826007145169981916e-02
2.549682417475674159e-02
2.037748926763467000e-02
2.780154641210795877e-02
2.201373944448122011e-02
3.176264410611967515e-02
2.052043817045668544e-02
3.130664186119475056e-02
2.523970901497115532e-02
2.554641594049324865e-02
2.548351719222144776e-02
2.296492473800069295e-02
2.018948267653948234e-02
2.792324156642213284e-02
2.633947730985054456e-02
2.687240337665824236e-02
3.126978828513572728e-02
2.307757441586278171e-02
2.759055603427497047e-02
2.164659369714113865e-02
2.434773241077698228e-02
3.643283214343374238e-02
2.540399349746415986e-02
2.798014179325143680e-02
3.067344566384846635e-02
2.787567518438057584e-02
3.059391835802681772e-02
2.626582327400131534e-02
2.594325616871188608e-02
2.683992696383273244e-02
2.478845355756431612e-02
2.608441529048987489e-02
3.091483746418727599e-02
2.584473472215441381e-02
2.361059397574645849e-02
2.736895935293490872e-02
3.114612010379412196e-02
2.375020719764424013e-02
2.932927378536191038e-02
2.746548950809635237e-02
2.507327346904016790e-02
3.313572349154888380e-02
2.564110747155767811e-02
2.621631433390013421e-02
2.702484014181662578e-02
2.726819308541502535e-02
2.220194081214054913e-02
2.483482249188267987e-02
2.610750773019275550e-02
2.870455026798937603e-02
2.127496048644299947e-02
2.515761229991412759e-02
2.492350017258409059e-02
2.759238812044637404e-02
2.582985056449025457e-02
2.643546335686795465e-02
2.102147513771483039e-02
2.801590175273863462e-02
2.652209303318854919e-02
1.440708902375292810e-02
1.631860856398249099e-02
3.319230413589124851e-02
2.286624174871864854e-02
2.527649740640612250e-02
2.671045174397125230e-02
2.645944737331100069e-02
2.372840883616530658e-02
1.949149034958008384e-02
2.625066293865255598e-02
2.226113420103630405e-02
2.539183101603058670e-02
2.005042428486307482e-02
2.381860416959179216e-02
2.624545961152616180e-02
2.703720295119799860e-02
3.117350010453340953e-02
2.586329476591143345e-02
2.613063951707321475e-02
2.453779471800593762e-02
2.605474207817361568e-02
2.561729262578059385e-02
2.971781213935691807e-02
2.419863469901640390e-02
2.166353597051434016e-02
2.569506200004495478e-02
2.265555487304155360e-02
1.422059934337604678e-02
1.952783039029393555e-02
2.814644292239047718e-02
2.639144885681384695e-02
1.864079964570729969e-02
3.167372209068497479e-02
1.741835190364902572e-02
1.135683169975120442e-02
2.391752556296137741e-02
4.653369745312652128e-02
2.497162511561185419e-02
3.709190711335365320e-02
2.554876025584144894e-02
2.749299736183518153e-02
2.521423603920376275e-02
2.188528765893858752e-02
3.381964644072579795e-02
3.342242309614604917e-02
2.778234275474184348e-02
2.631070317695814384e-02
2.499547848810288603e-02
1.665741641926827762e-02
2.329248470451720024e-02
2.456917922595144854e-02
1.957744569478099897e-02
2.429405661237834732e-02
1.973236254161851722e-02
2.702076034284692924e-02
2.588074041690549207e-02
2.513995023461678205e-02
2.572134826549969666e-02
2.978896342162363695e-02
2.845121569747325121e-02
2.023599411675073428e-02
2.021081888752077407e-02
2.552402896575569138e-02
2.294613981477567483e-02
2.772572051203197122e-02
2.912147281872135007e-02
2.500081958348182934e-02
2.809170614748513622e-02
2.928127101063983384e-02
2.590205728393168289e-02
2.544550966709270903e-02
2.497496292720462890e-02
2.829834926332845321e-02
1.748595081306479615e-02
2.581754587023406614e-02
2.014632696556624761e-02
2.610842977744753587e-02
2.846493261649837847e-02
2.898740429393306325e-02
2.837222202144624311e-02
2.620672402870118448e-02
2.534265050436923170e-02
1.512431254150730341e-02
2.721873206932741082e-02
2.243393707441252577e-02
2.657322328513976248e-02
9.716166538662574653e-03
5.273678771176652097e-02
2.966439570402205558e-02
3.574104283855884107e-02
2.023819288453623799e-02
2.276949598269362510e-02
2.623710176175289913e-02
2.830638868142912670e-02
2.567540963384631544e-02
2.720539197600423467e-02
2.356737829860503300e-02
2.622933170452153642e-02
1.790979426116291393e-02
2.380937323481935319e-02
2.861932372405350325e-02
3.102835034904692646e-02
2.569844649178988638e-02
2.617893034393059884e-02
2.257693132504688671e-02
2.616461835844392445e-02
2.044046423942712590e-02
2.591071965030870838e-02
2.774680347075676734e-02
2.544239923574181939e-02
1.500488727558297632e-02
1.459301356937427879e-02
2.641670978051960036e-02
2.079059952072362383e-02
2.584239738855420229e-02
2.626949110208480487e-02
2.609311215040965165e-02
3.056361892157069549e-02
2.500962610781043080e-02
2.057006768107142933e-02
3.262775478543963187e-02
2.599779310869400339e-02
2.942563392042631468e-02
1.880118388041176689e-02
2.538059777233930489e-02
1.685557121481470744e-02
2.442030364601454132e-02
7.858588435140343581e-03
2.200054604588932289e-02
2.969786621260994339e-02
2.737047301064991431e-02
2.202851944037839682e-02
3.074184846701395399e-02
2.297156634779710244e-02
2.157056201922684033e-02
2.277638276421418279e-02
3.171290090701448655e-02
2.631578611891122535e-02
3.286267700938060726e-02
2.532057706786454768e-02
2.047325554591264418e-02
2.303348015492773238e-02
2.705097098813204551e-02
3.303860904335025744e-02
1.609818490027703150e-02
2.587035665664257078e-02
2.403611575064565006e-02
2.689949537013031425e-02
2.761704180674840609e-02
2.796147384401522981e-02
2.867137605643045248e-02
2.182315862410218188e-02
2.571683537447592635e-02
2.611081373603174258e-02
2.468065472592452514e-02
2.495174469192351294e-02
2.497768482237447060e-02
2.751735099209499588e-02
2.616562371936372380e-02
2.760322295718636507e-02
2.165955877792631601e-02
9.990645000564381262e-03
1.958673096719086570e-02
2.610386753589865119e-02
3.034369463551021481e-02
2.799737815410369493e-02
2.570562325575972279e-02
2.658558499533486899e-02
2.105147602521310890e-02
2.811128796355546328e-02
2.458069056425673388e-02
2.494688105721398763e-02
2.189712457082696948e-02
2.758860200277187674e-02
2.892861795753366716e-02
2.712748224605357125e-02
2.646933490334390723e-02
1.630721989871958960e-02
2.400691430031252904e-02
2.287603665920907858e-02
2.371362831113718594e-02
1.779827497364156602e-02
1.871401111684629220e-02
2.669463787282838618e-02
2.862742855703424849e-02
2.429696861471934005e-02
2.926284621966426108e-02
2.330681298513293670e-02
2.829403118088462052e-02
2.687235366211830970e-02
2.649342618152445220e-02
3.125758197749115702e-02
2.741077431868413350e-02
2.581762839925814262e-02
1.568122786491446541e-02
2.449889243703446545e-02
2.237936678494931511e-02
3.211337613211901615e-02
2.471214828992113893e-02
2.839620803361350698e-02
2.762702044636836107e-02
3.218615179936768628e-02
1.765260971312302557e-02
1.870103815005381281e-02
2.289412046169024550e-02
2.277335050168622504e-02
2.330230920786617588e-02
2.942463546776132727e-02
3.149677658083092219e-02
2.653794828239736461e-02
2.838127661823489079e-02
2.462565178941201680e-02
2.667149124728581192e-02
3.403866568461022535e-02
2.581150106619603188e-02
2.113703236984847134e-02
3.169570905483989204e-02
2.319289762083398196e-02
2.599457397412908988e-02
2.031194444481605049e-02
4.221872164544068079e-02
2.336291234843163381e-02
2.059740028330457259e-02
1.806857684450902113e-02
2.309425467234376556e-02
2.074456846912072980e-02
1.921433857756884439e-02
2.578662396516592792e-02
2.925939413952674539e-02
2.730106070301041923e-02
2.886999735248604523e-02
1.929293441486639588e-02
2.095207847986576416e-02
2.769774614734449650e-02
2.580198763283385668e-02
1.890654486053395394e-02
2.563675147188744508e-02
2.790964691370490663e-02
2.434604883609545189e-02
2.420855806158351414e-02
2.579465386583907130e-02
2.880569063782091252e-02
1.955724832505898597e-02
2.617584346927166739e-02
2.591286340425553655e-02
2.864589045017776336e-02
2.584098482235136149e-02
2.817394721103835820e-02
2.724034329236537863e-02
3.160270618264508780e-02
2.600849864504226061e-02
2.711157473174573632e-02
2.499902123593732498e-02
2.431490272346715359e-02
2.727930224714547949e-02
2.803557427757815204e-02
2.717233735701179639e-02
2.260581804764644209e-02
2.467071813256695167e-02
2.820258991180793831e-02
2.278355228744673167e-02
2.526747923487309561e-02
2.579406238208790600e-02
2.600118051087650997e-02
1.393701749849057987e-02
2.451818972078428915e-02
1.578743439281602226e-02
2.400382583364683159e-02
1.752296529087709123e-02
2.566297140958680167e-02
2.221866931322222238e-02
2.736875991645543182e-02
3.167296136928814815e-02
2.426474236156972095e-02
2.437922689176072119e-02
3.138220119048596574e-02
2.333651999159653059e-02
3.345014914963986841e-02
1.257031903451251431e-02
1.918405408290109818e-02
3.843604176216930401e-02
2.526306718999118961e-02
2.321731595506997675e-02
3.046128583119696309e-02
2.983739755485941697e-02
2.703013432554681947e-02
2.479395542069339278e-02
2.847720263685460385e-02
2.662180160147215729e-02
3.142003499884933604e-02
2.515223564984843049e-02
3.626009264067334148e-02
3.092784121355024451e-02
2.145837358985793961e-02
2.615935370792892012e-02
2.835609598105430507e-02
4.349110154017882951e-02
1.912547049681182984e-02
3.305783034738227905e-02
2.448390611457478341e-02
2.613301081924446212e-02
2.191433663276479843e-02
2.636124386995050695e-02
2.251530248446326557e-02
2.456685241957921526e-02
2.857931265052157666e-02
3.087850790464514647e-02
2.118737076815805850e-02
2.583396116192699168e-02
2.328799425279148502e-02
2.546095633523971433e-02
2.616641335531426707e-02
3.209715576272577364e-02
1.518704838776454256e-02
1.030675805126551187e-02
3.189099092081246201e-02
2.663596650309445549e-02
2.668035941650328396e-02
1.974004828175307188e-02
2.163263407269748473e-02
2.486193287192604157e-02
2.507270814304904047e-02
2.648155152871478277e-02
2.883556599776114851e-02
3.223103282024909061e-02
2.171494258804425662e-02
2.484966198756000458e-02
1.866364300726429740e-02
1.127921292355235118e-02
3.613648508754589012e-02
2.900650649978699439e-02
2.644516394447909979e-02
2.800202120434569508e-02
1.758125266105287077e-02
2.582308972742652226e-02
2.618719932656850616e-02
1.918770430508990113e-02
1.999320978698731349e-02
1.816699817455800711e-02
3.089207131580027146e-02
1.715315133194308603e-02
2.407450283942246666e-02
2.491266002694648984e-02
1.798938682336304398e-02
2.735901262118204877e-02
2.534944674357689567e-02
3.432791776804674372e-02
2.372750003825539744e-02
2.375356659898665221e-02
2.149015137483887769e-02
2.478460037576631775e-02
3.017118071131647331e-02
2.750355494505692458e-02
2.786253987289468576e-02
3.380682556929894000e-02
2.415501627448327429e-02
2.607573058027118709e-02
2.620472660480055102e-02
2.618137137040947929e-02
2.241070068164624854e-02
2.805047847451205140e-02
2.797659134717065885e-02
3.298868384376719282e-02
2.610545421622866707e-02
2.330247282996460861e-02
2.995691314118384407e-02
2.583555998591791081e-02
2.321909654425626315e-02
2.174152815377442677e-02
2.533915475432209005e-02
2.648462674260870439e-02
3.023508703522679794e-02
3.509235392741309051e-02
2.542772369519531034e-02
2.922751025393736934e-02
3.251146760945849978e-02
1.856616703744180807e-02
2.852726529930092042e-02
1.786211163296640148e-02
2.729288768519508995e-02
2.022061845994349918e-02
2.804943127975728992e-02
2.615972993180562534e-02
3.083027129733563812e-02
2.451330240192766199e-02
2.715542096887857415e-02
2.138448568435629554e-02
2.792998667909601246e-02
2.944684887931897990e-02
1.322550062830456577e-02
4.216709170292554792e-02
2.537111855205582273e-02
3.092804341267115995e-02
1.934013841341572851e-02
2.801438966001068565e-02
2.551018229203299431e-02
1.937253511229696315e-02
2.056819652964200426e-02
2.345356595533044930e-02
1.838475930474474732e-02
2.287201510417634018e-02
2.774902744563667936e-02
1.531694168412088206e-02
2.925698593760470145e-02
2.262471521433326652e-02
2.341513440310231259e-02
2.601121324173856844e-02
2.496036949801238441e-02
2.583768828331413706e-02
2.445400778069075146e-02
2.049375216904922997e-02
2.804985460589558277e-02
2.411467457843086484e-02
3.244232160822659028e-02
2.014961811627549379e-02
2.722083803883491859e-02
2.705667359326272003e-02
2.553740214763651484e-02
2.434599869486701873e-02
2.640447995945724088e-02
3.129524141655674191e-02
2.294935421532858996e-02
2.705698067543408844e-02
2.189349717243008198e-02
2.814072190934818751e-02
1.923900007835368728e-02
2.596482350100914535e-02
1.982219866311275142e-02
3.087097772037175614e-02
2.895556644099470459e-02
1.964591841899806721e-02
2.606739635510055622e-02
2.587448211744622015e-02
2.938774088242013596e-02
2.549110815505173377e-02
3.019985216491644781e-02
2.774052605677222380e-02
2.396245555580425388e-02
2.639350662964006639e-02
1.705540801733618217e-02
2.990087523517460585e-02
2.558100326232740085e-02
2.988634596834941967e-02
2.820753713817856015e-02
2.618526773120632631e-02
2.164178608682574764e-02
2.415552754447897882e-02
2.556181721674230869e-02
2.620192464710698402e-02
1.329576748796648146e-02
2.709548407152552116e-02
2.415854791984458141e-02
2.605919523809177227e-02
1.625501492065933862e-02
2.695498658709403680e-02
3.191378389225729001e-02
2.289883527015747558e-02
2.417054293271896429e-02
1.938673990969807387e-02
2.632877110047580557e-02
2.686279893509443614e-02
2.670397102714599374e-02
2.705362092040764985e-02
3.088767127564229567e-02
2.752626495328095585e-02
2.824703949469139705e-02
2.849095553230179129e-02
3.283522460550682837e-02
2.688169543678678788e-02
2.560680164631131545e-02
2.232792184396202237e-02
2.625918828843018527e-02
1.867975243522130777e-02
3.103978397005591541e-02
2.390613415714050102e-02
2.948795755660168355e-02
2.763238413001836008e-02
2.429051300909761124e-02
3.211347481256369291e-02
3.011663774778836414e-02
2.653660872372436835e-02
2.325281303453955589e-02
2.512194267372451148e-02
2.839237735885946981e-02
1.900455092852767688e-02
2.402436791135995758e-02
2.781183818686832829e-02
2.544638953088865577e-02
3.054666432588269698e-02
2.608170359201285315e-02
2.594863156091115758e-02
2.598704101269739761e-02
1.554581205900862177e-02
1.022047179081509057e-02
2.339226026299808664e-02
2.824983967629412368e-02
2.499207392272727660e-02
2.619144389963697778e-02
1.236719400550746230e-02
2.656550958598316928e-02
3.279041716040217991e-02
2.443107057397594581e-02
2.300477818249100151e-02
2.668499206282230751e-02
2.656786836221122772e-02
3.291763290371551437e-02
2.018521074616774075e-02
2.414540922818647281e-02
2.692955482651067031e-02
2.517829510222057213e-02
2.182434224480814602e-02
2.619752560818620901e-02
3.556370223484492388e-02
2.129932123402840036e-02
2.078638419400872378e-02
2.301200058727585068e-02
2.881259328100389122e-02
2.532157457175459453e-02
2.817330732665743881e-02
3.163881757588863503e-02
2.941680275471764486e-02
2.611681726067048570e-02
1.943607749508101390e-02
3.686259081060377224e-02
3.086989919414470651e-02
2.181920289554520678e-02
2.369508184966591380e-02
2.016560059795777585e-02
2.740319950277442240e-02
2.494691646137305735e-02
3.070181286725183478e-02
2.679559939331900564e-02
2.963657271641168336e-02
2.601962864894005051e-02
3.149696068108000235e-02
1.434069806243244184e-02
2.726137114475923537e-02
2.406073804072384609e-02
2.550918744055911958e-02
2.467120410790376098e-02
2.634630791789420792e-02
2.280474077805773325e-02
1.578161340438125060e-02
1.931335766638611617e-02
1.793996433468442522e-02
2.374404801397334008e-02
2.477128912403966585e-02
3.026233352718820172e-02
2.744037431374419037e-02
1.628360199000289041e-02
3.061935082137944714e-02
2.523300928914373048e-02
2.340450899820870762e-02
2.576908340772907438e-02
2.157149986574581971e-02
2.689395408320252936e-02
1.850528444735717246e-02
2.416006480815664076e-02
2.620723726561133976e-02
1.396412172338163185e-02
3.300493018671441653e-02
2.587526100863422537e-02
1.837839599728058673e-02
2.726154564617055270e-02
2.313195316753443101e-02
2.816660093638333195e-02
2.644623132181617153e-02
2.426067341092719501e-02
2.485636512173036716e-02
2.630582185501203693e-02
2.693369816828854527e-02
2.939913579867761695e-02
3.210070886173860272e-02
2.380602896863092191e-02
3.068365248545475849e-02
2.821223391344140560e-02
1.990472368418421886e-02
2.633690825805735242e-02
2.166759683404750891e-02
2.757234254930907708e-02
2.352509373543164653e-02
2.590449986332710175e-02
2.588058896774939402e-02
2.253089706167591549e-02
2.611583957102357745e-02
1.952416082961372715e-02
2.713687696974092720e-02
2.614869708991288122e-02
2.916366614851158626e-02
2.310933829548960164e-02
2.183167693410574539e-02
2.014591350138278045e-02
2.843395596422110261e-02
2.595131088537002903e-02
2.067326276333400492e-02
2.951263699750147559e-02
2.683605757227648658e-02
1.776212193157221050e-02
2.638500244537297229e-02
2.330061670898585929e-02
2.574807621755089565e-02
3.047014900982771696e-02
2.333162390725833021e-02
1.655920584807616183e-02
2.657714788612597356e-02
2.502760682522162106e-02
2.445879836013226116e-02
2.467967282791128092e-02
2.615720980445608926e-02
2.941483730796740775e-02
2.561666535841602976e-02
1.882106282099950748e-02
2.569463575922567231e-02
2.366419309608566030e-02
2.606293303874475387e-02
2.165011024790521391e-02
2.214488413726227456e-02
3.200575321711389420e-02
2.653301598939007688e-02
2.944074373868026118e-02
2.612890919306924686e-02
2.804913971294473521e-02
2.760763533758889970e-02
3.445336335082747198e-02
2.469792978268170458e-02
2.724783772510552468e-02
2.730635196607199625e-02
2.795700610576312695e-02
2.183092247225251400e-02
2.822643420109198498e-02
2.198623737050462920e-02
3.050279123196926803e-02
1.803795832582362826e-02
1.661169105774029653e-02
3.322880076878337308e-02
2.411075715280048062e-02
2.253607295256923951e-02
2.582575987407723442e-02
2.588233467952959915e-02
2.415764554449947171e-02
2.014710784133055821e-02
2.652984389952510805e-02
2.910960264884376869e-02
2.466201443438091959e-02
2.240437745070794975e-02
2.605423382474708616e-02
1.737363919667160583e-02
1.805419554270417185e-02
2.357696054822227411e-02
2.221784322247434204e-02
2.612638464609315370e-02
2.178351371629411865e-02
3.656640464754196823e-02
2.559698589894731161e-02
1.729168728803691032e-02
2.083324509838232683e-02
2.529010404163823875e-02
3.143633576782927513e-02
1.832835188184529784e-02
1.819081345830560539e-02
2.485282417319988404e-02
2.582659127512626496e-02
2.528501189175732730e-02
2.828562873099526448e-02
2.608854875451731628e-02
2.555027387045367970e-02
3.154286673853123196e-02
3.029385753802748063e-02
2.446119466731111122e-02
2.965151887839454284e-02
2.029707974276623306e-02
2.441527863301486134e-02
3.886152569436816112e-02
3.195268917480663384e-02
2.229535952372048782e-02
1.713825887357277311e-02
1.740847642180767124e-02
2.664433500666840357e-02
1.907045535404931422e-02
2.636917995200704912e-02
2.288792996320390682e-02
2.581185890217747164e-02
2.440945365087966376e-02
2.151541696560984457e-02
2.454952491180464533e-02
2.421804219087019677e-02
2.677065423405886047e-02
2.993713202872387222e-02
2.421364231146498278e-02
2.698403709574452580e-02
2.502959488562555776e-02
2.656533287247071079e-02
2.553895001388188993e-02
2.712054321321034564e-02
2.112491846688906161e-02
9.816491847588008565e-03
3.082283316697722458e-02
2.315140224919012835e-02
2.028699365535054436e-02
1.877396829205161405e-02
2.365438865823115897e-02
2.285396714810853519e-02
2.544081441769360449e-02
2.483246197552894594e-02
2.497914200380730795e-02
2.572399738126752641e-02
2.176237162762473254e-02
2.793496517319945041e-02
2.587629608524625105e-02
2.602378711164274327e-02
