5.281842676844498985e-02
5.095865392134554112e-02
5.979436679988524989e-02
5.507651242653493345e-02
5.355125930167153880e-02
5.188517052680258895e-02
6.244827854210712598e-02
5.605209965676497680e-02
5.236844943849670864e-02
5.225053028649533082e-02
4.919261785853330793e-02
5.247504221745558778e-02
5.194678309154408813e-02
5.177784529051598916e-02
5.164536990765192931e-02
5.218977449723597589e-02
5.023110824180756356e-02
4.827280648878926744e-02
5.413539186947206872e-02
5.410575141043826725e-02
4.974674912480536726e-02
5.394345686724544980e-02
5.118004575367052222e-02
5.218315021317478097e-02
5.176642395248733791e-02
4.289081920303767365e-02
5.205205743143673236e-02
5.786460425542002545e-02
5.459467274583119922e-02
5.244504847229223415e-02
5.124589965549382342e-02
4.452976749485246938e-02
5.062642675445643697e-02
5.239813583418982679e-02
5.211623170036764480e-02
5.222542856152117413e-02
5.230261173431157568e-02
4.551583858418856848e-02
4.754672850273075624e-02
5.357012488951359147e-02
5.003042325390868322e-02
4.961504166431238844e-02
4.823366975638602311e-02
4.281422050320235484e-02
4.940565472677096309e-02
5.222476189506806282e-02
5.079702328749520490e-02
5.437334676674818873e-02
5.146380346980369835e-02
5.164989527282264764e-02
5.666638657542029389e-02
5.067809075660806989e-02
5.012953009968712514e-02
4.835015195131503463e-02
6.580097436937622224e-02
5.167845631765470571e-02
5.122487571336721557e-02
5.074811965741400643e-02
5.119795473503663957e-02
5.189732097690927248e-02
5.556987124209307460e-02
4.988521649330591307e-02
5.303091153345793063e-02
5.004580230357762866e-02
5.661675788494310163e-02
5.258585794483596615e-02
5.291903400907677774e-02
5.180016131853484168e-02
5.806260876148056083e-02
5.196886717675860967e-02
4.144395278374009978e-02
5.201639670763198026e-02
5.274368350593570953e-02
4.970379480309142922e-02
5.710351239810590451e-02
5.170200874345188408e-02
5.124706896807231654e-02
5.031545135014588860e-02
5.021077386012880867e-02
5.481894824760923102e-02
5.192446094782941085e-02
5.195213281191986276e-02
5.225063218872973841e-02
4.921653702747024600e-02
5.042169674359917031e-02
4.413863647169969512e-02
5.333982405164634094e-02
5.167112187361339731e-02
5.027036884671401418e-02
4.985065266051599137e-02
4.865980841407112345e-02
5.157593524626669090e-02
5.637181990560573980e-02
5.174112286432638874e-02
4.700691988474939992e-02
5.686286933458052639e-02
5.148904822296072187e-02
5.224145964697202160e-02
5.262761932498490058e-02
4.853118662899057884e-02
5.111589824791806791e-02
5.093481487136460040e-02
5.247038341210499141e-02
4.979998987283538320e-02
5.135791807078160520e-02
5.168977771853060926e-02
5.203274083470640909e-02
5.054300516305195584e-02
5.211744225180703349e-02
5.198748931928667133e-02
5.543357874030269139e-02
5.654890203582552816e-02
4.585109577394326508e-02
5.238440855222927656e-02
5.312153930260746226e-02
5.023834185064141727e-02
5.009202383445714168e-02
5.486278673444277415e-02
4.830235983934336869e-02
5.732117586947884508e-02
5.325151453729377871e-02
5.051047165191679261e-02
5.182802152975722609e-02
5.737148819550604711e-02
5.355995996937655546e-02
5.158149744821828586e-02
5.145734219079483446e-02
5.172053161262990528e-02
5.083238907683211572e-02
5.110733552030670424e-02
5.480836791433857380e-02
5.289962969208734239e-02
4.625752668992186289e-02
5.199315458352707364e-02
5.274129720149591666e-02
5.447982662494044864e-02
5.337584062665363255e-02
4.837993799467821265e-02
5.449226476248837658e-02
5.205502683081580928e-02
5.185426863003650411e-02
5.148863032352690716e-02
5.677091656716284213e-02
5.158292821940039380e-02
4.693016113320203075e-02
5.240543331046131764e-02
4.954114825026822988e-02
5.197245614276133074e-02
5.158814423102287688e-02
5.441368811598860933e-02
4.717630013012683032e-02
5.250564789434358087e-02
5.059024418329564898e-02
5.566169414145154259e-02
4.929798169205842212e-02
5.177986572451310360e-02
5.200511280287570259e-02
4.956155578123165595e-02
5.151445585737585153e-02
5.796552669353451787e-02
4.979847477113272247e-02
4.998596557632116466e-02
4.822879163236827582e-02
5.019391815222267600e-02
5.201668673643582846e-02
4.611373412760823298e-02
4.918051933333895259e-02
5.190502269807642510e-02
5.155779065067435385e-02
5.160200830969905589e-02
5.183923114940711119e-02
5.198247257090505419e-02
5.155320742174512860e-02
4.674176097551076270e-02
5.343600487389582598e-02
5.099737855555466076e-02
5.060742366595151476e-02
5.220200505139758335e-02
4.789759752320479208e-02
5.336544850990199151e-02
5.389069884986464470e-02
5.089220774896775767e-02
5.240978991660276420e-02
5.192136080870168868e-02
5.517432489524117661e-02
4.889399455751396867e-02
5.124050185652433836e-02
4.917680262888577541e-02
5.081087015917042787e-02
5.026121460170464988e-02
4.623952620786254963e-02
5.403398374385328523e-02
4.517518958335437623e-02
5.642432138923967472e-02
5.154544485192104342e-02
5.178924766210225850e-02
5.315479044900953826e-02
5.207551344841931246e-02
4.980714581211186792e-02
5.638709825958956173e-02
5.206596064732986473e-02
4.957249202782956776e-02
5.445243442885094182e-02
5.175094888011801814e-02
5.293755990626425323e-02
5.352196862108465902e-02
4.751680671855529337e-02
5.336306587167704424e-02
5.239470501951405679e-02
5.605814016512859072e-02
5.166593820060201570e-02
5.111264387014682886e-02
5.139206816813722545e-02
5.108212191239901862e-02
5.274302389746832881e-02
5.196462971950574494e-02
5.180776701892291641e-02
4.509140938232138879e-02
5.214997309946399484e-02
5.298582844894724614e-02
4.838463874147630461e-02
4.926639798026599681e-02
4.826704059655984036e-02
5.156705719099261703e-02
5.042740530617936812e-02
4.766876650891261474e-02
5.660932049075759198e-02
6.216464216158087280e-02
5.204741192172056968e-02
4.918966355126939971e-02
5.131322028985930983e-02
4.686293706338034992e-02
4.935797810889135107e-02
4.997993809444293417e-02
5.071628063714642143e-02
5.193492988746233052e-02
5.178999380066148100e-02
5.230435084288356795e-02
5.569692690092080400e-02
5.103216613110015537e-02
5.238271387666122714e-02
5.204680113992062040e-02
5.212185173043389075e-02
5.168630045913782944e-02
5.302195540156846160e-02
4.736856816271174664e-02
5.076428830982721713e-02
4.766617121996084144e-02
4.970721943837264761e-02
5.162705942420246774e-02
4.911214900551261198e-02
5.251303058990634126e-02
5.064358222692200845e-02
4.880768265405954764e-02
5.314509034513762581e-02
5.303804383098374015e-02
4.329540931321874259e-02
7.022888802824187038e-02
4.968679817229648688e-02
5.202795105213001148e-02
5.205875152918511273e-02
4.873138014704518628e-02
5.403902026968521177e-02
6.147485360027880180e-02
4.372409431182378708e-02
5.416731317864100642e-02
5.246165552518751440e-02
5.109736137658439648e-02
5.262670769747961053e-02
4.864494732756956263e-02
5.121977572913229831e-02
4.940924978149701524e-02
5.207512473093630495e-02
5.278067621121535630e-02
5.060929064570789809e-02
5.202885645600733439e-02
5.390773091838216985e-02
5.457172100896194589e-02
5.417206818809983115e-02
5.287196872143140602e-02
5.144090846000338307e-02
5.142925046291708241e-02
4.511036257543827449e-02
5.210806382722080882e-02
5.038285137738491432e-02
4.357246600434658973e-02
5.159616802157656473e-02
5.081751657066448102e-02
5.787283554584016221e-02
5.233739210514748441e-02
5.282043905059282535e-02
5.670825772459874708e-02
5.281715233812027399e-02
5.131734924210439724e-02
5.073945922681765558e-02
5.324403878962626763e-02
4.958581776904788518e-02
5.413847390353536404e-02
5.135423076028363537e-02
5.041041944388197776e-02
4.727918185903208503e-02
5.240601872078783086e-02
4.818502497480607605e-02
5.302535220683263911e-02
4.654971412980300760e-02
5.775020660522228733e-02
4.857394448071947202e-02
5.637958522325808158e-02
5.170823496450770163e-02
5.494079043494889958e-02
5.419404510195988817e-02
5.658900867819113140e-02
5.186608876951542824e-02
5.112455065384035463e-02
4.727505960425544551e-02
5.126278650778566537e-02
5.049524193228947105e-02
5.294239057799729475e-02
5.096007599652714604e-02
5.206128543480820908e-02
5.199389066759245448e-02
5.156403698573034516e-02
5.691750577870560018e-02
4.652213241799247473e-02
5.099782436486860471e-02
5.259052947668716588e-02
5.192380010518352768e-02
5.384864739808407907e-02
5.218543634707321910e-02
5.659994777319050929e-02
5.219626617515955858e-02
5.312302705288758642e-02
4.889643015409591426e-02
5.283562212678886288e-02
5.085237789577212036e-02
4.811926973094150101e-02
5.289268291309909970e-02
5.153691569724827559e-02
5.078654109754786317e-02
5.337167042671785155e-02
5.241220341813016687e-02
5.922328242575304602e-02
5.110911949402225513e-02
5.173188353479870466e-02
6.224779771667686423e-02
4.971412198798585286e-02
5.232519600716937364e-02
4.928332459657355780e-02
5.229598245992800321e-02
5.513124814698201759e-02
4.418712005358289840e-02
5.144554943831260163e-02
4.694016825535442944e-02
5.495073587073464466e-02
4.800695567074846071e-02
5.144477173942414022e-02
5.134987236881349143e-02
4.997143591867539425e-02
5.175182886995022269e-02
5.598404912350624790e-02
5.279210523412562056e-02
5.104923662684244384e-02
5.085620162025374785e-02
5.730555451835449982e-02
5.178612840812094054e-02
5.139728470609258165e-02
5.188627363362011830e-02
5.182740802948939546e-02
4.888587219863769345e-02
5.589823642408488918e-02
5.188500972573585612e-02
5.554848582938497203e-02
5.361916205524622225e-02
4.414908521463180302e-02
4.891403674436154564e-02
5.545681900065237840e-02
5.218273618284972187e-02
5.677658781877994304e-02
4.609598346152429804e-02
5.355984020903709064e-02
5.215641477227977302e-02
5.207151087349196766e-02
5.732102679305554893e-02
5.193320827132420076e-02
5.357841647704849469e-02
5.109382553559629891e-02
5.174540070949893572e-02
5.191765556704495271e-02
5.125396726012252518e-02
5.154254698678197716e-02
5.358439452447040507e-02
5.154923806731599722e-02
4.436159327936951141e-02
5.191671020802887671e-02
5.004132831271020793e-02
5.301782673399321744e-02
5.112578805083372452e-02
4.336632675522737734e-02
4.985845398914091203e-02
5.206538987416572256e-02
5.188233226883087745e-02
5.680219420378353201e-02
5.211527593911135375e-02
5.181247934839379454e-02
5.396636427805392294e-02
4.773128078238200733e-02
5.194750408928530683e-02
5.367239007756088864e-02
4.600015539010655213e-02
5.484389699196772633e-02
5.160194964010795388e-02
5.241715461046462382e-02
5.179891416190950809e-02
4.519157391145705444e-02
5.614017189279277287e-02
5.177451460937528005e-02
4.455715506124679343e-02
5.109713849705787431e-02
5.201257455505522292e-02
5.261458202538463885e-02
5.026088828674935699e-02
5.166602059798246910e-02
4.968211784787229801e-02
5.272892508159932740e-02
4.929534514313546611e-02
5.131299184405643116e-02
5.046240270338450684e-02
5.562757308560443287e-02
5.769850212225190872e-02
4.806656605750822542e-02
4.914159107230268997e-02
5.225244304258046951e-02
4.904446273926978128e-02
4.980396405394468123e-02
4.893599316964553081e-02
5.099908358194699814e-02
4.715723319594222057e-02
5.055560248242183669e-02
4.826067901231407414e-02
5.401110716513109894e-02
5.268696597331051779e-02
4.565639463932859993e-02
5.224896856777459103e-02
4.784140628461562572e-02
4.706721429752927510e-02
5.215017260200641158e-02
5.344992606176650340e-02
5.106235609263443109e-02
4.516451050699396563e-02
5.254377201145935677e-02
5.712828097159899227e-02
4.920222047737599774e-02
4.364422106899755460e-02
4.903795875903854684e-02
4.953346159054168585e-02
5.140884117340824983e-02
5.341693044407076069e-02
4.425750871816468840e-02
6.217592384324661936e-02
5.093841260313119318e-02
4.936937427781082355e-02
5.513284098957199619e-02
5.090112909338724567e-02
5.316561310045374300e-02
4.855140875546572893e-02
5.325219512927285154e-02
5.367647930642496790e-02
4.966065320708590997e-02
5.268874693844029927e-02
5.241218289499313676e-02
5.339657936590867099e-02
5.361732152778652533e-02
4.921504874287731951e-02
4.729954524251073211e-02
5.458938198945553766e-02
5.074092205629739810e-02
5.267934653416678908e-02
4.910755701715784766e-02
6.297183694609251314e-02
5.245236280184493310e-02
5.222538195588247861e-02
5.356908915055730996e-02
5.758336108184709118e-02
4.711510467249448164e-02
5.317527028003234124e-02
5.138992849197811241e-02
5.177700890292842584e-02
5.148870441778929247e-02
5.806014978796130571e-02
5.623973956767042842e-02
4.631244934535792834e-02
5.388593232411533623e-02
4.971489328994189993e-02
5.057412385077358213e-02
5.195533946529407726e-02
5.235923484483347157e-02
5.033616855095223580e-02
5.193760358014442441e-02
5.145193163847387036e-02
5.196540626487954756e-02
5.217481188689800792e-02
5.236577113393677679e-02
4.810295141298987637e-02
5.206382010507498020e-02
5.266967851252329219e-02
5.140986565674671160e-02
5.310377661965681728e-02
5.388455364997948166e-02
5.232282538879793471e-02
5.081599865862785476e-02
5.183957017407695572e-02
4.979989815972860057e-02
5.110857744421064969e-02
5.149014478850916926e-02
5.024471556795463700e-02
4.777213471602514278e-02
5.283168800776912033e-02
6.317122876824118882e-02
5.272292880778418206e-02
5.222592325365520843e-02
5.680128849766182680e-02
5.297414057221073308e-02
5.411307020146464281e-02
4.888263959026813849e-02
5.491684023944354287e-02
5.185638658713001559e-02
5.111061926918022968e-02
5.075754977862772382e-02
5.589506726434624595e-02
5.194822664644685450e-02
5.114324611734731574e-02
5.157209534126482031e-02
5.048551392504840168e-02
5.302588436886224860e-02
5.160940107198604826e-02
5.126160364888256160e-02
4.919801274170901989e-02
5.172933046771334420e-02
5.199683481548891817e-02
5.239565918381202531e-02
5.116185432345776718e-02
5.049815007501067682e-02
5.171354327859584848e-02
4.796078361078816299e-02
5.137515871493308905e-02
4.822915275792958451e-02
5.763909216080303349e-02
4.866812184082059539e-02
5.316779318255093756e-02
5.497517642195796916e-02
5.070118696279928006e-02
4.999186092546554355e-02
4.661563209652174605e-02
4.407127470539621422e-02
5.192839629317653333e-02
5.255675360880768254e-02
5.407202432022521765e-02
5.359393343645150326e-02
5.095578231740261616e-02
5.368865470216133140e-02
5.176406457466278810e-02
5.147939108119916479e-02
5.335003278123384707e-02
5.920545174368715968e-02
5.093579623003700874e-02
4.503499529956871833e-02
5.388266078731597519e-02
5.925039193210718258e-02
4.259171530942920669e-02
5.114413045671733354e-02
5.304305744871990608e-02
4.796545905146806787e-02
5.929834151632535494e-02
5.226821641233270893e-02
5.292359452843018591e-02
4.569722654363399944e-02
4.831338337520004605e-02
5.247097382561170809e-02
4.496869014870086279e-02
4.851377391715670090e-02
4.443260295079325128e-02
5.179318582500661017e-02
5.412169367515817786e-02
5.266552321936514985e-02
5.046334069443735720e-02
5.336304589215041388e-02
4.611104101204870770e-02
4.227871615296787539e-02
5.708426795910116064e-02
5.140189367810170384e-02
5.236815336782425084e-02
5.582800032327590173e-02
5.232086603464444069e-02
5.197018597305771981e-02
5.146810300110874620e-02
5.139139413955295943e-02
5.443673532304385554e-02
5.569212719719292271e-02
4.544197335733616422e-02
5.180108238035973506e-02
5.021706463444162993e-02
4.965518463563896312e-02
5.561673274737594791e-02
5.207448560237402935e-02
6.795921716774287746e-02
5.209778191642571582e-02
5.054358807791702740e-02
5.099858273720415947e-02
4.977728948308916823e-02
5.115191250441211701e-02
4.853838127758633436e-02
5.112313121805012878e-02
5.356119021702093752e-02
4.377478186325005349e-02
4.783250118290294228e-02
5.234666340765164322e-02
5.167280111629101585e-02
4.760669908776978682e-02
4.672572096413909332e-02
5.551175849115439626e-02
5.183731205960604577e-02
5.049446215335355592e-02
5.032151263181772888e-02
5.331049004333719005e-02
5.725674672895965378e-02
5.274127825160856986e-02
5.315568456968684102e-02
5.243384294781525817e-02
5.171719680857838480e-02
5.277755036873442440e-02
4.992772623723805425e-02
4.957757588269250809e-02
5.130274926136170477e-02
5.102358997506198368e-02
5.237261245677414523e-02
5.310279433033671809e-02
5.063166536155302988e-02
5.290912981307235863e-02
5.299138026293699621e-02
4.644378133981003076e-02
5.500699280220925497e-02
4.707457447563669767e-02
5.202513884971386726e-02
5.139153625557461857e-02
4.953369147309891196e-02
5.128684453628411244e-02
5.557054470432485488e-02
5.045416748154002429e-02
5.173436219713977574e-02
5.079236585110508823e-02
5.155302067509921760e-02
4.885838240209609135e-02
5.190497347059077476e-02
4.799494376867241563e-02
5.234045825058636359e-02
5.022393494687075327e-02
5.172722816424524944e-02
5.140302901932444768e-02
4.870671948674349522e-02
5.043222360091896561e-02
5.704436884376619388e-02
5.172811626840306126e-02
5.149423393672201282e-02
5.144196473152524290e-02
4.517590916805017121e-02
5.178527199645022866e-02
5.400923178619598808e-02
4.907567287763459074e-02
5.134301450092131763e-02
5.594623800784565004e-02
5.126494840957537130e-02
5.200073796351518951e-02
5.356250363134041487e-02
4.968229446104798636e-02
5.348462956583361488e-02
5.135367236389866419e-02
5.117632732047587563e-02
4.957116353427118427e-02
5.118709761110431383e-02
5.180069795185460874e-02
5.257031126880413324e-02
4.837261839387525797e-02
4.989945094066219888e-02
5.045266869599852877e-02
4.204834667798431486e-02
5.281138768871121436e-02
5.381606243170183185e-02
5.080985593163198089e-02
4.750066206581154277e-02
5.102305979892399201e-02
5.025012505915447958e-02
4.642642510468560774e-02
5.236038991007691684e-02
4.549975024299948712e-02
5.135421306522142820e-02
5.483224070778409953e-02
5.142476912077306728e-02
5.272182518282601815e-02
5.299295608461336571e-02
4.645952840068523493e-02
5.684142107667777832e-02
5.135403736088829663e-02
6.110686157542882802e-02
5.093020377147902678e-02
4.413696322059392635e-02
4.727175988818765884e-02
5.998974341993186521e-02
6.001171971590920501e-02
5.293551624732047156e-02
4.782741073889020672e-02
4.937895785768199597e-02
4.750868858806527734e-02
5.618465914035093711e-02
4.967491591431277137e-02
4.969177399363296221e-02
5.303133305322930285e-02
4.783310599099431515e-02
5.146206040990210229e-02
4.663137917093415630e-02
5.376150875999066020e-02
5.135341611821328534e-02
5.517337394841560078e-02
5.133556734445041125e-02
5.252156062778829543e-02
5.192755427860518136e-02
5.284001234473270636e-02
5.750678019580902217e-02
5.261605562807356723e-02
5.609757362347279896e-02
4.767563745868980823e-02
5.173034105744123146e-02
4.969804352013690307e-02
5.161844319399776226e-02
5.188024140411579693e-02
5.118067977817998548e-02
7.121456730713238148e-02
5.130788980569656738e-02
4.716825567928546042e-02
5.450555608930666290e-02
4.964990602458978219e-02
5.225091558911710427e-02
5.278696848050021956e-02
4.454603640105587320e-02
5.165753793568322871e-02
5.309952581813971034e-02
5.612941247998508298e-02
5.322245168099058038e-02
5.242058186034400519e-02
5.317176037344834710e-02
4.508988121812101957e-02
4.957604929559139562e-02
5.043229259422787186e-02
5.924172116249798448e-02
5.197367909413432019e-02
5.122846289391274482e-02
4.940568980544485927e-02
5.290184307266075636e-02
4.733447275193431586e-02
4.651054655295323165e-02
5.251136589250122999e-02
5.588317358868556683e-02
5.112972507976332182e-02
5.258784535071349409e-02
5.449171664309811203e-02
5.123911005880962821e-02
4.798519313565463573e-02
5.421894990861652469e-02
5.159781126398173962e-02
5.922469362221381706e-02
5.017304166112415004e-02
4.954174563147390603e-02
5.344231027750424162e-02
5.233236867723228825e-02
5.375825870481023422e-02
4.964778437343413120e-02
5.272954407681475913e-02
5.230839554188143614e-02
5.237602851883601390e-02
6.008645585141926537e-02
5.066972812375272056e-02
4.965495903361578922e-02
5.915814216756906663e-02
5.326313894111954494e-02
5.179160281249372416e-02
5.353308983778336250e-02
4.928099930935517237e-02
5.155075530630643527e-02
5.234466477089128739e-02
5.087093295173962526e-02
5.156260089316769962e-02
5.094611849662003533e-02
5.084250346854395780e-02
5.168007922993907155e-02
5.011588780011534683e-02
5.314623429341618771e-02
4.689042475241368690e-02
5.092016214157624177e-02
5.097752456520376202e-02
5.528812011920508640e-02
5.816421145741035997e-02
5.273592196583651998e-02
4.762327396728168599e-02
5.179036346048609268e-02
5.167709693395782650e-02
5.810591587597919994e-02
5.279227159651216778e-02
4.885040091321785072e-02
4.937608996484026819e-02
5.188550746626658522e-02
5.115288980221799342e-02
5.171116448124808695e-02
5.356139132921784035e-02
5.194867062150577280e-02
5.078512377181486348e-02
5.936443551628035886e-02
4.837841413256223355e-02
4.650016434949984234e-02
4.632676326955995072e-02
5.582897885000412397e-02
5.672967076115587731e-02
5.087146711120446585e-02
5.189071164545910886e-02
5.152638604300602970e-02
4.775487923304207183e-02
5.362930121171607251e-02
5.206707922716034137e-02
5.116319231841415238e-02
5.026584708944209501e-02
4.802527503244476831e-02
4.945735442451180963e-02
5.139923772084343395e-02
5.268246177336406016e-02
5.423031789414702736e-02
5.214737856601887878e-02
4.592065249532466947e-02
5.245307579047928798e-02
6.450634174012685740e-02
4.713391794709068106e-02
5.152859881269412218e-02
5.138776292149616065e-02
5.087532846635552802e-02
5.298612296295618362e-02
5.081569383248175226e-02
5.177853086269931793e-02
6.231080424571137921e-02
4.592821164627104713e-02
5.167378381479140886e-02
5.131341529033520144e-02
5.253632467441319426e-02
5.215331106443388959e-02
4.808783814890234959e-02
5.229369897630911646e-02
4.783258151801521307e-02
5.186180753055757292e-02
5.063441074804193864e-02
4.757501993012301644e-02
5.338054331203425512e-02
5.085435720971180629e-02
5.224677470795306700e-02
5.180573965934971714e-02
4.926845159706931543e-02
4.668224486915502347e-02
4.391832972435274346e-02
5.181256771714706777e-02
4.719244537951827051e-02
4.993611576260789664e-02
4.968200589844579129e-02
5.202266631287932874e-02
5.171831615155179224e-02
5.011566839254037731e-02
4.912065704707639646e-02
5.130122265398253528e-02
4.839769019727442612e-02
5.095054019587760136e-02
4.710930394869105448e-02
5.151030391144305332e-02
6.001722050500509636e-02
5.243571599128796917e-02
5.191082665864501372e-02
4.385781120509566616e-02
5.293668268312071851e-02
5.105921513012144641e-02
4.694374985244386539e-02
5.307613367634727436e-02
5.210927525451224118e-02
5.360158930715945569e-02
4.576122412618794516e-02
4.972060054286314007e-02
4.936064120885830242e-02
4.904988791199648562e-02
5.226558760974578388e-02
5.113843258468377811e-02
4.897546052833452734e-02
5.348283055554018534e-02
5.053409950556154301e-02
5.202624248276856156e-02
5.533794636922331062e-02
5.236583226344592584e-02
5.105772454822057188e-02
4.951572860562845207e-02
5.711073397760683956e-02
5.205501441897905646e-02
5.305725660397138388e-02
6.504371053203621134e-02
5.203648661837882716e-02
6.218831316386243258e-02
5.238311611737039158e-02
4.332018301860977860e-02
5.353357425256676655e-02
5.250777809121634498e-02
5.086473753781464713e-02
5.222693130560624591e-02
5.208319587237054266e-02
5.104618786059290925e-02
5.097232587726059638e-02
5.232903927536047828e-02
5.342245690251774121e-02
5.017670285343918402e-02
5.185326633297708543e-02
4.447613315143216645e-02
4.692723974577858032e-02
6.081542197660348009e-02
5.138413208596427639e-02
5.227908281281636038e-02
5.169106821643482119e-02
5.198952705349404319e-02
5.368480038138716964e-02
5.277701274533189851e-02
5.060110378892842403e-02
5.612238460216311536e-02
5.431699171904495055e-02
5.111793230405355104e-02
5.020701514067362620e-02
5.151744594654887599e-02
5.276688675571343523e-02
4.863002515867612119e-02
4.601964140762321992e-02
5.243222350423610428e-02
5.163100911088734646e-02
4.641655328386089241e-02
5.201604954217863702e-02
5.334091022751305533e-02
5.056525432496435796e-02
5.100490005258913329e-02
5.256617623226399888e-02
5.108204923740323339e-02
5.006622743846011331e-02
5.198511531053881529e-02
5.249222343196135315e-02
5.186788011086908984e-02
5.066758289038626045e-02
5.203506204230319565e-02
6.118479462963456045e-02
5.102747388861574029e-02
5.159502244843600788e-02
5.203187770904737358e-02
5.189616414002445888e-02
5.294984876411171909e-02
4.762309336120917197e-02
4.282240041814629194e-02
5.074643916666795457e-02
5.182618755610338135e-02
5.224697854619866216e-02
5.054971718979331397e-02
5.145206668443019077e-02
5.095547382409337106e-02
5.226082503994351064e-02
5.219879819344314109e-02
5.054325529720661569e-02
5.161911521876023229e-02
5.186015156475532600e-02
6.777878128657244261e-02
5.133384090811782263e-02
5.165896004788032153e-02
6.100746301920056264e-02
5.229383746788743986e-02
5.980073907338893935e-02
5.332020424702919870e-02
4.859488740823967451e-02
5.152433862750751409e-02
5.608328119485411767e-02
5.527776846707325303e-02
4.661379993040057346e-02
5.316984627873140579e-02
5.008334767108231500e-02
4.941286018726831486e-02
5.206893205518905304e-02
5.299952370717934957e-02
5.547872352385409267e-02
5.151514833769925417e-02
5.187758860469471323e-02
5.220715820387213102e-02
5.270673072167353368e-02
6.187687397429116054e-02
5.036832515178893410e-02
4.843068940851453369e-02
5.272489467890337927e-02
5.343726924205972895e-02
5.340541533674529606e-02
4.865493755394745962e-02
