4.138453976346493507e-02
3.507787543363997257e-02
3.975405869554309718e-02
3.900364624915765577e-02
3.968789390879266105e-02
3.578556607606096784e-02
4.167865801829988975e-02
3.392256436249295459e-02
3.886077996958163527e-02
3.872507095492324497e-02
3.474755131945806569e-02
3.847975395121627784e-02
3.871843782322381688e-02
2.900741448500025049e-02
4.832076605878765641e-02
4.630599036424196124e-02
4.864757747893459772e-02
4.148627877318616236e-02
3.836544066535559072e-02
3.921004894826229936e-02
3.370361303400491032e-02
3.723222535650186349e-02
3.787642973769162619e-02
4.503031074834082381e-02
4.331288078696500510e-02
4.056321666257963615e-02
3.963784956510216229e-02
4.079159799568506800e-02
3.778946299967223671e-02
4.205741084780906247e-02
3.985023529927811392e-02
4.855032277988988870e-02
3.950839097627998481e-02
3.828080850176918126e-02
4.699122351274387377e-02
4.393863640570933038e-02
3.958469213459275826e-02
3.491007529012474242e-02
3.570787482973417776e-02
4.488811413236570846e-02
4.386679678265699434e-02
4.507062532083318251e-02
3.704772937558765966e-02
3.865676132883875266e-02
3.842793087332667390e-02
4.936822404108530404e-02
4.478221631104146311e-02
4.295113751300597138e-02
3.684611547248034524e-02
4.069352025697055286e-02
3.793353863501928991e-02
3.729573099031201905e-02
4.096245273743603921e-02
4.050376218208326384e-02
3.799302797952566063e-02
3.925815322564895488e-02
3.799167664715655951e-02
3.777145796054717092e-02
3.951184922142982753e-02
3.578556537399077420e-02
3.867514980782670725e-02
5.588227962247942215e-02
2.961727327561731321e-02
4.997687427408188665e-02
3.559444240595290021e-02
4.479048253165645449e-02
3.909814365984014273e-02
3.991001666787057783e-02
4.005917234064416965e-02
4.045881303838869819e-02
3.898429789404449231e-02
3.743948711528381074e-02
4.177601534014251800e-02
3.884608284695041658e-02
3.984826692137313775e-02
3.711775724435170676e-02
4.254156109147166215e-02
4.743451802003933321e-02
3.803313453120975990e-02
3.851125928325065118e-02
3.885894365822876312e-02
4.119725745675034689e-02
3.785161829552066010e-02
4.838933736445593520e-02
3.981476949380090280e-02
3.213393664002509031e-02
4.367009544360739293e-02
3.465465855910838944e-02
4.040232984313029546e-02
3.918262657268007515e-02
3.956386459047657456e-02
2.975176753008464473e-02
3.982992177851586713e-02
3.916245576073400930e-02
4.064113211453021512e-02
3.744820890193834018e-02
4.019416646599448251e-02
3.330448698218566039e-02
5.160111344851620041e-02
3.424876876761628886e-02
3.481100233082136397e-02
3.996029310403867441e-02
4.582832677009478217e-02
4.026616652666661911e-02
4.414632934105353068e-02
3.546562410252594028e-02
4.397742334743343084e-02
3.982798791042300307e-02
4.349409492925899318e-02
3.369288857142436339e-02
4.064525851248437099e-02
3.937717481993985996e-02
3.966529201257850551e-02
3.790746279608724761e-02
4.259196464426963369e-02
3.510420630263241110e-02
3.938660574335178799e-02
3.958066054382818749e-02
3.775448470701017745e-02
3.897281492467298547e-02
4.675831702423753622e-02
3.344184315183502260e-02
4.016423884290673540e-02
4.971606337868310355e-02
4.227840601013954647e-02
4.990797011816087980e-02
3.737716297047522646e-02
3.721704897244647314e-02
3.841359284145866998e-02
4.304340870083152998e-02
4.175185256353421831e-02
3.962356169548635065e-02
3.568177963257120749e-02
3.863844707693347286e-02
3.783397453445183634e-02
5.943286248863192955e-02
3.760654436268671963e-02
3.981594529520490061e-02
4.043942799633527124e-02
3.219643741351972677e-02
3.703981957486052884e-02
5.427694496149523123e-02
4.284409293186343393e-02
3.551898139676686744e-02
3.615406358986800878e-02
3.941199937048089214e-02
3.562447056399836720e-02
3.960480385232322681e-02
3.551785949534468079e-02
3.857030298475355029e-02
6.426651443979695955e-02
4.018664402726228324e-02
3.895614507610645205e-02
3.955487525140215233e-02
3.875282655329830711e-02
3.641499662907791285e-02
4.310815328495335580e-02
4.723730570480109969e-02
3.627302797571668042e-02
4.184804828454274928e-02
3.899200206504332272e-02
4.989801490434376402e-02
4.248976534496393120e-02
4.031396458317768744e-02
4.151564535917444398e-02
3.028077276558430522e-02
4.055868743752577554e-02
3.807270581126405429e-02
4.141693366175924762e-02
3.389692074596586946e-02
3.653532391082926073e-02
4.675116724790794043e-02
4.172753459886593963e-02
3.679920759931445268e-02
3.976117055421746205e-02
3.200095347660094486e-02
4.308242610399210665e-02
4.201075562031286736e-02
4.674379689280706851e-02
4.470587837541743076e-02
3.807325093105210639e-02
3.932369472438502350e-02
4.601144762029496516e-02
4.093824120881291162e-02
4.001528860717105951e-02
3.929705625072055231e-02
3.902638312904448126e-02
3.899802566020542371e-02
3.846319589266836841e-02
4.712157529906563919e-02
3.873048578464845237e-02
3.899388532861439854e-02
3.108475618889208758e-02
8.234101377177628633e-02
4.035138761827249121e-02
3.828508802393626453e-02
3.564193703589915718e-02
4.140585843629886187e-02
3.887244969101343040e-02
3.657824881883250251e-02
4.406291478457762673e-02
3.410529896783986298e-02
4.760225244334385236e-02
3.929371896690300042e-02
4.463449558979671467e-02
3.878271969732942359e-02
4.450074014247035886e-02
3.886404449526664057e-02
3.980843389872093518e-02
3.268036674058509561e-02
3.970690097385543016e-02
4.094774959063000874e-02
3.878517308995681895e-02
4.148461476199188924e-02
3.478340169968337225e-02
3.726147598865470201e-02
3.995566727819885311e-02
4.554553440354783267e-02
5.381616517896956053e-02
3.966721752136640605e-02
4.351071872216093900e-02
3.222840118614447857e-02
3.269680237801380479e-02
3.639133716202019864e-02
4.001481140435689948e-02
3.543129712390283986e-02
3.843700916629366748e-02
4.042723378452804661e-02
4.270391895568056290e-02
6.254948485412718806e-02
3.937311355457344397e-02
6.970133815364014385e-02
5.986748874946522248e-02
3.165062049099907904e-02
3.362078943930170427e-02
3.942895962258911174e-02
3.802589740481081976e-02
3.427544424768875359e-02
4.069699528746982542e-02
3.927076112695035426e-02
4.144624381379255484e-02
4.607095023570759174e-02
4.735759558340740805e-02
4.075227841988659366e-02
4.907153971899878842e-02
4.369520030155884388e-02
3.927741469703042998e-02
4.695938461732338670e-02
3.999867408564072163e-02
3.962590303799255753e-02
4.033953641375920968e-02
4.400035495995301832e-02
3.592218244178255193e-02
3.914609135477182394e-02
4.315829867252005125e-02
3.920097277653367823e-02
3.868384121604846737e-02
3.922465267904739344e-02
3.881622868975714152e-02
3.866896738092595598e-02
4.123095980363665480e-02
3.903166547872419234e-02
3.132608313003166361e-02
3.808925266673406779e-02
4.031074983332724737e-02
3.833301726159456940e-02
6.583943737511689653e-02
3.549375058679421491e-02
4.140343858211242151e-02
3.724483698901737139e-02
4.210840495431637104e-02
3.830531297462107243e-02
3.672142566730163954e-02
3.574080452160960375e-02
4.125207329450534394e-02
3.484572066494016906e-02
3.842050531032080440e-02
3.849595810903983645e-02
3.832235444987734663e-02
3.440019938865686300e-02
4.138065189774906699e-02
3.436522191870575865e-02
3.760256440274233058e-02
3.760779247318190438e-02
4.507064475264536962e-02
4.340527164428345519e-02
3.628280069939821689e-02
3.870794054807660117e-02
3.900496557915199974e-02
4.008562902460685584e-02
4.238714726318020681e-02
3.609457350203502252e-02
3.482487027620648906e-02
3.947265589638462857e-02
3.818206380611547518e-02
3.577610467556497503e-02
4.041236436125111159e-02
4.043588156295445379e-02
3.863239494216099551e-02
3.980262777236992511e-02
3.967901814638645497e-02
3.808650235400418832e-02
3.302725331424506000e-02
3.491975572357809698e-02
4.096242674342612244e-02
4.105672047010475167e-02
4.014659895301420783e-02
4.201365632829495017e-02
4.730863342933400856e-02
4.858849406041767377e-02
3.532605172179368452e-02
4.183722405587971677e-02
3.862366556468562612e-02
4.014246492006753875e-02
5.812815897822613126e-02
4.019862133990897285e-02
3.775024612392737650e-02
3.264356730357941688e-02
3.880846511164085660e-02
3.736634828422506077e-02
3.875874343920127779e-02
4.026881406896296034e-02
4.542481778235280682e-02
4.836190307994572835e-02
3.862970440822693224e-02
3.900322721649440022e-02
4.190281257394974646e-02
3.953891831961529185e-02
3.913852404459824269e-02
4.394556019045877532e-02
3.814833882772229040e-02
4.346010105682088925e-02
3.240845368915998281e-02
3.682825544983053118e-02
4.162607418732995612e-02
4.087616448032516114e-02
4.093552794877407253e-02
3.830131851401539361e-02
3.550349195048448092e-02
3.147879160549515304e-02
3.814631813191523418e-02
5.573199289398469980e-02
4.445709345462473677e-02
4.113893625994258924e-02
3.513658289530269263e-02
3.861600297130437370e-02
3.878295337247555929e-02
3.797761084255513869e-02
4.896739451205965599e-02
4.315931601541760781e-02
3.404294038586428567e-02
5.516411398123600290e-02
5.591924914522982543e-02
4.395204829749159436e-02
3.686253655958221520e-02
3.816020531487700207e-02
3.904841044772307257e-02
3.615179196416184321e-02
4.258718195567434694e-02
3.947777592945560243e-02
3.931161113932225837e-02
4.149029983001657068e-02
3.909563223612528421e-02
3.533816285974061833e-02
3.973780683223934046e-02
5.119493669477814118e-02
3.984240776176562610e-02
4.245085177067609711e-02
3.326952263202465759e-02
3.687720224269339792e-02
3.416598727772304778e-02
3.830873499074163857e-02
3.949360452750064893e-02
3.955359003905576515e-02
3.965542145859703160e-02
3.860296711570296302e-02
3.643332831776062430e-02
3.546425056403150478e-02
6.042900089300636685e-02
4.641554183546733880e-02
3.939482862872313584e-02
3.905991641406700993e-02
4.800655573832193768e-02
4.150240846737447697e-02
4.810629087830350925e-02
3.868195521212985932e-02
4.637270488718161360e-02
3.675031019993912212e-02
3.517361340509924522e-02
3.141025737956273239e-02
4.369604776894004533e-02
3.449173074681036177e-02
3.919142176854312903e-02
3.862856841207647218e-02
3.853011782153106107e-02
3.785292242500884474e-02
3.758989553832089991e-02
5.318821755342401786e-02
3.940774862797988276e-02
3.825636179690398986e-02
4.225687757372903475e-02
3.854250507902656081e-02
3.957752723122750366e-02
4.193738184526048240e-02
3.759958067334569221e-02
3.969034833100653498e-02
3.704152875405062467e-02
4.065988282932169601e-02
3.970784084335576142e-02
4.083078283722255813e-02
3.863618014085802577e-02
4.566492801026417192e-02
4.159588630563691020e-02
4.206281547986467223e-02
4.727156947954244681e-02
3.903335339792327052e-02
3.347837316968938631e-02
5.354882605883545810e-02
3.822122716348088506e-02
3.647104578492043475e-02
3.847846761666270238e-02
3.938043901524593965e-02
3.334173656243612227e-02
3.353367143717565085e-02
4.044064526734663517e-02
3.916350122969496778e-02
3.449184904325598711e-02
3.302795652779205032e-02
3.552349357043434186e-02
3.530808461544123616e-02
3.726268130763494418e-02
4.314075347198894489e-02
3.717628565767789467e-02
4.190574794387485341e-02
4.131544353649316270e-02
4.249347511144271894e-02
3.245886425169863115e-02
3.976600162930960664e-02
4.126977390399452772e-02
4.074058680265443128e-02
3.511466319599686192e-02
4.178645636088842291e-02
4.017041118067070371e-02
3.935317680098303350e-02
4.087729760720815175e-02
3.494773581302510618e-02
3.999754244387664776e-02
5.409294091566785312e-02
3.587750121682298232e-02
4.649746445513874837e-02
3.884408764440604872e-02
3.305314856529898565e-02
3.957833663470981811e-02
3.906786867021854598e-02
3.965018895446271313e-02
4.092609054374914124e-02
3.896484063658023356e-02
3.726498192388534580e-02
3.921711149883802539e-02
4.021575451036793480e-02
3.919313181796379303e-02
3.751893357389134848e-02
3.934298871062679587e-02
4.308615420592552814e-02
3.489318983227520515e-02
3.880348459819311924e-02
3.819101238157407430e-02
4.425531051775595526e-02
3.891975238460053388e-02
4.038449258855324187e-02
3.487705426188355412e-02
3.568415947565426599e-02
3.814530122972294157e-02
3.843434311456506158e-02
3.242830302549724181e-02
3.896964734619532550e-02
3.545668277731899715e-02
3.922720243736688150e-02
4.038002134405915128e-02
3.955601601008029711e-02
3.259377156918775997e-02
3.824447326338649422e-02
4.839158603598539554e-02
3.894236783671042867e-02
3.928567024478067660e-02
3.790577281460753845e-02
5.070829882203398142e-02
4.284206324118201847e-02
3.952741598101512654e-02
4.563821346236545534e-02
3.704361380472399878e-02
4.212761436255006708e-02
4.161041690840760338e-02
4.114545172368963555e-02
3.738846495867365755e-02
3.877460309691936613e-02
3.971367093671632903e-02
3.842713134832587141e-02
3.599747027946269967e-02
3.970433571403840511e-02
4.006176332611617597e-02
3.785644396201400669e-02
4.742387340809396667e-02
4.155720792136321368e-02
3.760465932515877352e-02
4.109302638780103906e-02
3.400636698500767580e-02
4.014577781063734252e-02
4.052958498584833397e-02
4.013961404974904223e-02
3.653670728276538215e-02
4.162625515523805941e-02
3.629361632473723787e-02
3.928377497922336953e-02
4.029655437983817312e-02
5.179905824668594450e-02
2.966228441554698975e-02
3.600899479352571292e-02
3.953596060888507624e-02
3.875837723205219354e-02
4.244313500443677029e-02
4.477348018602067548e-02
3.945681119364852218e-02
4.311702173399944299e-02
4.304613683865073093e-02
4.052043323854068874e-02
3.639459132059795488e-02
3.852892176142923980e-02
3.881959107783957558e-02
3.936690227889822619e-02
4.309275808933352853e-02
3.505141762619534002e-02
3.893748195988328692e-02
4.069055893384185968e-02
3.883031570270929766e-02
3.672051860065785045e-02
3.965053049582268480e-02
4.682128772747146811e-02
4.033483310200269151e-02
4.436697250096778566e-02
3.931804256305214407e-02
3.524610303105960712e-02
4.667540413840708113e-02
3.955492254112254885e-02
4.057433705546126257e-02
3.775352544134365912e-02
3.546654268518387165e-02
3.908305135025996052e-02
3.379357515076743257e-02
4.068324929103021154e-02
4.067976793435820054e-02
4.067997452017001192e-02
3.503348875506592797e-02
4.891081314595317753e-02
3.878976075100224602e-02
4.061533320986047968e-02
3.820819062319116832e-02
4.675422490618436067e-02
3.994664294252088521e-02
3.834668310965956561e-02
4.003474773624614291e-02
3.852629229329260219e-02
4.024612459785013863e-02
3.637848704311170966e-02
5.304164625964869623e-02
3.298995140082326694e-02
4.088913864745260390e-02
3.916253777914140144e-02
3.961039670105289540e-02
3.599555407543413715e-02
4.363971143685517473e-02
3.620154424225696665e-02
3.648463052775952065e-02
3.615946996958399606e-02
4.116723986990065282e-02
4.102947119524451292e-02
5.163414974500534632e-02
3.015268809307719913e-02
3.674831108287830717e-02
3.972107011099793028e-02
3.873242863109643136e-02
3.893948908887694821e-02
3.896616461080802674e-02
3.719905746422280668e-02
3.915902128440387070e-02
4.168345917481355856e-02
4.362664181409415393e-02
3.312999070083144648e-02
3.182066347387237787e-02
4.732270106500962442e-02
3.879003494214047082e-02
3.220937035239906931e-02
4.258778252735954256e-02
3.901148786894901438e-02
3.801283599715172407e-02
3.335178552833742427e-02
3.961067224326966091e-02
3.963409180051290226e-02
3.878301344666644501e-02
3.971282323688836435e-02
3.679589200671527782e-02
4.579303000963178688e-02
3.904068905396592543e-02
4.295855064656021322e-02
6.053077794702132336e-02
3.659280653605941763e-02
4.760893608394793641e-02
3.581811582972314195e-02
4.144521419161789622e-02
3.763062736088907539e-02
4.912797287826925485e-02
3.781003649003413652e-02
3.963649944999828034e-02
4.970989332743424444e-02
4.327883353762815993e-02
4.276850821079968695e-02
3.812534127010794999e-02
3.832990653761998712e-02
3.367691201141999324e-02
3.996923068253944306e-02
4.800379455290409297e-02
3.934460013518709803e-02
4.168751578768186555e-02
3.283505516214315495e-02
3.947151841112732373e-02
4.129923872729455991e-02
3.977495799683383043e-02
3.929777446512351669e-02
4.301510055467958060e-02
4.261888562336414027e-02
3.583018763287484920e-02
4.460559908132233353e-02
3.880519455076146540e-02
2.991477160244548211e-02
3.828269942764375017e-02
3.907994684593852491e-02
4.600805978365855864e-02
4.210845111415058295e-02
3.732059004626982202e-02
4.269385528778896211e-02
3.918866114735272688e-02
3.104941282393666388e-02
3.446045576849738473e-02
4.001782382275237415e-02
3.796449190373447219e-02
3.776348051145680951e-02
3.789302314800870736e-02
3.502258728704309848e-02
3.832657288790324024e-02
3.477122655159334275e-02
3.738692085074722671e-02
3.905015431856007774e-02
4.848436634921629573e-02
3.243465374740922558e-02
3.889005910559439200e-02
4.099842072782197699e-02
5.323032961408172281e-02
3.968671867279342097e-02
4.171386491628593929e-02
3.820841838635952864e-02
3.861069569398196261e-02
5.149662950462906286e-02
3.651440292828644907e-02
3.914659194832521838e-02
3.390813789895114061e-02
3.669441160579507005e-02
3.901536294463461840e-02
3.472169203534438559e-02
3.480980258935860439e-02
4.494420316533181275e-02
5.259373235992418488e-02
3.891276440495054084e-02
3.899585784125378374e-02
3.947558954100299777e-02
3.825218968306640793e-02
2.800315317288380734e-02
3.852978548983975599e-02
3.889280929071285697e-02
3.687241176941498388e-02
4.073779000812659951e-02
3.668615278597183588e-02
3.894883829874757480e-02
3.863104253003432631e-02
3.882483425494225732e-02
4.748451976598293961e-02
4.007591760541112658e-02
3.799641195390403292e-02
3.284679975708303112e-02
3.794730167000576193e-02
3.859142367406789148e-02
3.485074697196325483e-02
3.999534443816183532e-02
4.065589167522391800e-02
3.681385472549092430e-02
3.996387618413529963e-02
3.943913908817320985e-02
5.716525651526995627e-02
4.096107193734103979e-02
3.894321596859506157e-02
3.886485413336226991e-02
4.524476355231075303e-02
3.236911076865560399e-02
3.937235551322534888e-02
4.027742667548526306e-02
4.151087290643667993e-02
3.885958893402522568e-02
3.836540157024659337e-02
3.877177855171218268e-02
3.801756834686050024e-02
3.483886573147975535e-02
3.614002227932903988e-02
3.894362131990823650e-02
4.057717632922160783e-02
3.860677937522576098e-02
5.471206291717402997e-02
3.307290616043022380e-02
3.873420615697504427e-02
3.990059036039131368e-02
4.362771021307541158e-02
3.881245214442390068e-02
5.278623103532149169e-02
4.492954059182927701e-02
3.815343244599342376e-02
3.786743914142186307e-02
3.605832293251133580e-02
4.619125496560781696e-02
4.377374105756616507e-02
3.478414664846995324e-02
3.886930623815013086e-02
3.887735936407114151e-02
4.957165158245848552e-02
3.797763774665915970e-02
3.895443055329735754e-02
3.734246830425524272e-02
4.508766159252771549e-02
3.425016708146341043e-02
4.422764459107679513e-02
4.044936446859078577e-02
3.669493923318728479e-02
4.026746525702042112e-02
3.887712482871526209e-02
3.714439423660840373e-02
3.942237925753557665e-02
5.921521835038045384e-02
4.551867605027437591e-02
3.913075401454697150e-02
3.968089429807507285e-02
3.951734492739533700e-02
3.901917902591783144e-02
3.605231857856048411e-02
3.833073508994229439e-02
3.394110148529404930e-02
4.201987245926025460e-02
3.169223249374980567e-02
4.693956971101367892e-02
3.897935327631693592e-02
3.763028661782357592e-02
4.125081731698829884e-02
4.003593335125400776e-02
3.882113203770216209e-02
3.999211281874191087e-02
3.909468417715419863e-02
4.149139522577784817e-02
3.950153780871758225e-02
4.321310126532695167e-02
3.424091724070707499e-02
3.838109500096078402e-02
3.865871004722409160e-02
4.077244341417085582e-02
3.680450712839340027e-02
5.748951176378016420e-02
3.807068234500045334e-02
3.657065342136595065e-02
3.398205522355044611e-02
3.292883823317533515e-02
3.954361050535987188e-02
4.116432516640380207e-02
4.039067468852555048e-02
3.343186843822516102e-02
4.958069179938937726e-02
7.965409327883467283e-02
4.019041037259855204e-02
3.879954980874809195e-02
4.446098415641960844e-02
4.358196927253933650e-02
3.807323003478052525e-02
4.711407315711320376e-02
4.496125333411411101e-02
4.002326394491197148e-02
3.336486536323203522e-02
5.390327626876468409e-02
4.997010599710756396e-02
3.829056578094745811e-02
3.921231671769377647e-02
4.204963971981365289e-02
3.970162204877347029e-02
3.559250428472873762e-02
4.515326816980293201e-02
3.890774094000479244e-02
3.410148298160164959e-02
3.536917324756636699e-02
4.497750373527760470e-02
4.640168299861868045e-02
3.822440508693201316e-02
4.094751181858250627e-02
3.887766649053849694e-02
3.797457351960839556e-02
2.975085596798544493e-02
3.776853568224191465e-02
4.172211114636828477e-02
4.030529689517110825e-02
4.057670881254023254e-02
3.315666032551493891e-02
4.375347460239064484e-02
3.921595539349047310e-02
4.165935788155739061e-02
3.827620831920972716e-02
3.579473748196050631e-02
3.724775203555415887e-02
4.485124157478782153e-02
4.306741338059793395e-02
3.878443902041909391e-02
3.965514086577287545e-02
4.131226833939477538e-02
4.096573638046166477e-02
3.185246255352702782e-02
3.929131757245780954e-02
3.752255783634055042e-02
4.245817425378578536e-02
3.760172694024396106e-02
3.900796613905545968e-02
4.002369136983420506e-02
3.342442822435212624e-02
4.165788526738137959e-02
3.458516475690463776e-02
3.586613256297321861e-02
3.740743617540923105e-02
3.914540500158408126e-02
3.961621296229887734e-02
3.572425591728147637e-02
3.665465390652197786e-02
3.018509033477502490e-02
4.347793231925708990e-02
4.127106179237021583e-02
3.932572357644182476e-02
3.718683238699196925e-02
4.222677242168935280e-02
3.883033619066263847e-02
5.843095776954099208e-02
3.762741504063026043e-02
3.929358278778738445e-02
4.179228510525134083e-02
3.884538857202755185e-02
4.092916819674757151e-02
3.714201974562471309e-02
3.809919012191861215e-02
4.046568279761084824e-02
3.878060047272170047e-02
3.822545748550138650e-02
3.860037870043479813e-02
3.368904819398677031e-02
3.919093900935012587e-02
3.061973288128189835e-02
4.475137706930869264e-02
3.439206224547628615e-02
3.429500059870477929e-02
3.929533031393182135e-02
3.822489787431043035e-02
3.845101574168228314e-02
3.913856708447843030e-02
3.537439041218290448e-02
4.158769163907649613e-02
4.211133810808010552e-02
3.422965449746448452e-02
3.852098856484086759e-02
4.232126713437388277e-02
4.099450478722160840e-02
3.970018067218177710e-02
3.756032923385026895e-02
3.817968379600981260e-02
4.271895542056775019e-02
4.187356481001439090e-02
3.345302456999287022e-02
4.130576026765912789e-02
3.612827063338409916e-02
5.797413482143173868e-02
3.613507319263557088e-02
3.988822923671664356e-02
3.844586355289899421e-02
3.882402148906259620e-02
4.127361665353983938e-02
3.954220603264722161e-02
4.097262645664458830e-02
3.557881518777571833e-02
3.574811321705954198e-02
4.084251884337172789e-02
3.926132249160432797e-02
3.658497158923373904e-02
4.867765094380217122e-02
4.053238322647964575e-02
3.688263531686732793e-02
4.181419201904143512e-02
3.881623972576702525e-02
3.878875161141660116e-02
4.427333529290553016e-02
3.915743649820174754e-02
3.861105067145971514e-02
4.302780974698488387e-02
3.641536308522305698e-02
3.868741243630055560e-02
3.420937473572099874e-02
3.851190997138758537e-02
4.288520881324298095e-02
4.016662875824057038e-02
4.139877499430449914e-02
4.164210628562015765e-02
4.011099581995018759e-02
4.298423588835201953e-02
4.007728672223801608e-02
4.724990140691066876e-02
4.670283201943111612e-02
3.984529262003068395e-02
3.602181655224738488e-02
3.361500271678146551e-02
3.698127927333767079e-02
3.437525313349228812e-02
6.330759907299665645e-02
3.474349576232511200e-02
3.162046103976969696e-02
3.880340001353699969e-02
3.982121219203136470e-02
3.985215581226054377e-02
3.721349416887721057e-02
7.443969888871729279e-02
3.900565874416470069e-02
3.942685205646042496e-02
4.143568752878496603e-02
3.866607487297751833e-02
4.236486905841210099e-02
3.922398352710849273e-02
5.936657061555321996e-02
3.161308622515579536e-02
3.930308742718386511e-02
3.876259535543748191e-02
3.884142330541584531e-02
4.058076384683721033e-02
3.867218247639737233e-02
3.801580876993761182e-02
3.937615414369285971e-02
3.991661620890517986e-02
3.898918851869222213e-02
3.604975096704094578e-02
3.918643226613093000e-02
6.476922784125455079e-02
3.902923313550289708e-02
4.377291266124956615e-02
4.137733373585419233e-02
3.867203832745431946e-02
4.222877451108902891e-02
3.767970731835811743e-02
4.356525166593191306e-02
4.952090108525306761e-02
4.148639013492000371e-02
3.873840622970095571e-02
4.064429492618252399e-02
4.197632019731207392e-02
4.548588217141295159e-02
3.844549191088331846e-02
3.839848397916885425e-02
3.832562536406456527e-02
3.738151259046529340e-02
4.230708211543279806e-02
4.206445972614715478e-02
3.128269047481773563e-02
3.136251390258214256e-02
4.320844990491334164e-02
4.136001788103227383e-02
4.422950485351703764e-02
3.035171711801167710e-02
3.946359398090224652e-02
4.766415717660270335e-02
3.852739433142999409e-02
4.250041916562968813e-02
3.872739796614119157e-02
4.532676204788232965e-02
3.886157793105152886e-02
4.224216204139590730e-02
4.381425864427156841e-02
4.381661598807855273e-02
3.982721903899511667e-02
3.378539484272095883e-02
3.917629479161027078e-02
4.029797628392418896e-02
4.136613682112946777e-02
4.141631851348291649e-02
3.650329600349552089e-02
3.738290000607498442e-02
3.780270396277946726e-02
4.365000660267911309e-02
4.045694774245851139e-02
