2.034292980279905905e-02
2.049121884618010370e-02
1.683688609786937809e-02
1.139386391918710724e-02
1.893130638723305656e-02
2.045020676022801798e-02
2.113485835304688282e-02
1.912905148007152875e-02
1.233452743312753522e-02
1.853507584655835969e-02
2.212140493491665180e-02
2.052002027662632594e-02
1.677035104796385095e-02
2.353991432859499008e-02
1.944987402851723612e-02
1.706673382835623143e-02
2.481351282792372201e-02
2.321867593702310606e-02
1.907601451223690792e-02
1.665250074829447563e-02
2.031992056703994798e-02
1.886472483161804464e-02
2.677736500162857317e-02
2.026827926032795379e-02
1.959175548369491635e-02
1.946379454509524973e-02
9.019307678452329752e-03
2.034861638242787055e-02
2.157512993132161896e-02
2.116767702106242890e-02
2.009071890719025741e-02
9.164317013087550090e-03
1.388902803939050766e-02
2.112080298010565044e-02
1.620140548446710738e-02
1.075473711447504782e-02
2.073931556830847442e-02
2.044231699228977669e-02
2.210868397279665970e-02
2.248816438896105580e-02
2.090142007878521141e-02
2.107213669145445792e-02
2.055161680215493447e-02
2.097595357236328381e-02
2.026033305942265966e-02
2.144366335004213586e-02
2.130630202729757311e-02
1.821954733763222339e-02
2.256107650269482262e-02
1.473685945212479566e-02
1.851679891408054487e-02
2.125714503496296121e-02
2.289909953108221208e-02
1.439627245102597861e-02
2.018469939669374769e-02
1.661497997498234333e-02
1.843400611570791478e-02
1.942156352718497903e-02
1.803590133512542049e-02
2.310096236000529560e-02
3.234656562163500115e-02
1.750329080912006036e-02
1.590523346393790324e-02
6.198295859782174642e-03
1.490340655499474386e-02
4.235259349134472967e-03
1.909010754993858625e-02
2.377354429870499539e-02
1.045973567761255239e-02
2.346724875961520712e-02
1.927057344752199433e-02
1.988647498232577748e-02
1.746547348477572523e-02
2.057179841989963814e-02
1.756938781776139907e-02
2.028112169144002941e-02
1.944040554154413680e-02
2.146477171281385016e-02
1.345554414999709271e-02
1.282223997397937201e-02
2.051073047652630932e-02
2.065720221021570546e-02
1.602292842949053567e-02
1.289928380172305523e-02
2.284410256653671145e-02
2.076764859916978984e-02
1.746235453929133666e-02
2.090138144402033799e-02
4.584563002024291158e-03
2.776551345799322876e-02
2.172726139131510303e-02
1.068839672180611072e-02
1.976134455439546370e-02
1.677601857272794858e-02
1.460518348735388369e-02
2.085485185530870991e-02
2.077211592263691550e-02
1.492617877277129836e-02
2.141507754364592453e-02
2.143557891301268309e-02
2.221037443320200352e-02
1.902936641175643345e-02
1.970984306175433548e-02
2.077402123032997747e-02
1.935304796543368955e-02
1.999571193375970432e-02
2.041002212354142697e-02
1.830469058701934479e-02
1.403923351041850773e-02
7.932560025880762769e-03
1.580101886587785553e-02
1.789889809992706304e-02
2.116176738023192033e-02
1.579791661899736244e-02
2.022820894601759165e-02
1.806492043599893307e-02
2.019061025364450937e-02
1.108998502646735621e-02
1.191566534640263290e-02
1.889191762063896149e-02
7.892510363869960355e-03
2.341939031918043035e-02
1.513218903114411928e-02
1.545986749372724005e-02
2.040265936475136460e-02
1.977850091214734124e-02
2.433637122884045254e-02
1.928040571855440047e-02
1.091967484819711225e-02
1.951142414170490766e-02
2.079592248611050048e-02
1.980106029582894001e-02
2.229396597202591701e-02
1.348465763860616680e-02
2.064643666677302980e-02
1.325927660915419623e-02
1.694998436881018158e-02
2.373342414200492120e-02
1.806168338571685628e-02
1.992104954759004939e-02
1.847134546004398567e-02
1.889760517271670340e-02
1.905451247638896908e-02
2.053087592701375447e-02
1.773419841878797268e-02
1.908317295938885549e-02
1.824460527683577360e-02
2.079724306708791506e-02
1.698224468009908519e-02
6.255376075265683435e-03
6.519182117558701590e-03
1.671410531594912791e-02
9.685716858669021767e-03
2.090334523777184414e-02
1.418952146249138901e-02
1.916248934884781999e-02
1.436747023384903760e-02
7.983515280424359137e-03
2.159027739425877987e-02
1.820244875919110189e-02
1.837863051097644515e-02
1.870695314782186772e-02
1.415630285444348380e-02
2.280576937690048656e-02
2.005855163706843358e-02
1.205274113766003317e-02
1.910046311911607272e-02
2.008760631950680733e-02
1.836209247447432094e-02
1.201247345177502632e-02
2.052140659815016033e-02
2.205720780385158133e-02
1.135224930711620055e-02
1.171038663234539277e-02
1.980554944502241690e-02
1.654941376285642279e-02
2.048030636120062170e-02
2.018958670284264068e-02
2.547643086727879175e-02
1.806096672118717369e-02
2.163973005113841927e-02
1.315286214419513454e-02
2.062559882900282318e-02
2.022721862481438940e-02
1.817089606434369939e-02
1.387437880095761591e-02
1.985922709961397692e-02
2.165093089736661730e-02
2.085491656743004157e-02
1.706172826746701204e-02
2.216536178021908179e-02
1.865824471053586370e-02
2.014352100199290341e-02
2.003030460626801720e-02
1.711510544301868622e-02
1.774541237102161828e-02
2.112469490639770978e-02
1.775089681680029619e-02
1.597455268068846690e-02
2.392022192990327090e-02
1.100389819596653621e-02
1.965012041000324672e-02
1.012791348757545798e-02
1.882611065533929331e-02
2.039738064986879387e-02
1.903653936266854266e-02
1.335208336264233700e-02
2.063675710313412487e-02
1.658711891538655961e-02
1.180675583766811233e-02
1.946957976505271984e-02
2.118449707732984744e-02
1.494885008059639551e-02
9.443264255353274808e-03
2.460371121192049190e-02
2.133694646502658568e-02
2.383834261272862326e-02
1.032604487698588619e-02
1.880630664402408586e-02
2.025936542398034529e-02
1.889989159848562417e-02
9.075982098653588570e-03
1.523414564496114280e-02
2.128817981761488634e-02
2.077117118909908855e-02
8.162349453154370965e-03
1.610681435795308092e-02
1.603581381628345695e-02
2.101051647908196499e-02
2.354875293095190503e-02
2.177084543795133192e-02
2.240375408477168415e-02
2.364802204210362385e-02
2.039970510302153636e-02
2.057759393276074877e-02
1.933145751547368438e-02
1.608698424449759440e-02
2.007444617149534150e-02
1.336958902477917467e-02
1.061156970005035227e-02
2.659692147031465087e-02
2.347041846925142575e-02
8.342925600316167603e-03
2.143335773674452313e-02
7.406599119226874722e-03
2.007111896871892343e-02
2.763114076865202245e-02
2.070084259492953327e-02
8.783056573852527152e-03
1.991832667495128245e-02
2.111562688463137355e-02
2.161404512039338463e-02
2.678166788636220097e-02
1.448027878160123259e-02
1.906994220443149549e-02
2.085255398277216857e-02
1.036224728099888713e-02
1.196627101765750448e-02
1.916636301676143822e-02
2.173008960849850957e-02
2.056374093775699061e-02
2.292957196189245386e-02
1.394696734714203322e-02
1.957562403734667764e-02
1.602679199268164031e-02
1.422513035363703535e-02
1.896113078037175992e-02
1.267755052150110369e-02
2.171786115565330424e-02
1.820230168185276234e-02
1.819906176217920418e-02
9.888985004234168014e-03
1.385508347996334926e-02
2.366006082425581650e-02
1.440975115162439202e-02
2.104934619476164434e-02
1.609904875191323428e-02
2.072292317764675915e-02
2.204836630031489428e-02
2.147793403092278577e-02
2.272189027908505174e-02
2.065323182152064771e-02
1.790086892968154736e-02
2.115060268016752051e-02
1.990250251307953272e-02
1.400130253905994444e-02
3.032013624931665166e-02
2.036831354267168090e-02
1.927096235498176185e-02
2.033857748267208637e-02
1.978248913800374417e-02
1.754801141946614809e-02
1.670210020736780793e-02
2.159324435364846223e-02
1.456806108233876448e-02
2.041437488569800007e-02
1.936114105080988940e-02
2.146659413214238588e-02
2.135290089135121611e-02
2.473938305902378954e-02
1.810870018766970804e-02
1.451537418563444634e-02
2.242747542641952696e-02
2.025994056331378509e-02
6.551523384091670864e-03
2.013234715941483732e-02
1.910384350337123241e-02
1.888241291717650608e-02
1.770314659962205980e-02
1.625922921524588019e-02
2.540269549791270356e-02
2.245642740399036649e-02
2.085271423285952816e-02
1.698975640454987793e-02
1.384370738411828776e-02
1.557240281528941318e-02
1.853244732232070535e-02
2.094671054369446478e-02
2.190656623489259033e-02
1.601405668014603892e-02
2.057237897266629700e-02
1.793765864721915890e-02
1.414336898225353537e-02
1.901504917469497291e-02
1.202685967776703085e-02
2.015640470627954456e-02
1.735255156626256887e-02
2.334001311358311487e-02
2.143396411164167140e-02
1.927145702057343410e-02
1.535721764094978917e-02
1.343082125502074488e-02
1.815641656795112177e-02
2.046858031774985431e-02
1.768029913905202685e-02
1.549046650771594529e-02
9.860667772125889310e-03
1.612824618274254218e-02
1.868398735001122746e-02
1.983558743579719522e-02
2.039682267184680931e-02
2.057869351285708873e-02
1.924134998633774893e-02
1.986169607079916674e-02
1.812811080336200129e-02
1.873504700097534253e-02
2.376884753401958469e-02
1.650821483687738706e-02
2.430093922479929433e-02
2.107607725254209349e-02
1.944120924848248208e-02
2.037636626137130300e-02
1.912921198356181546e-02
2.179966678690186885e-02
1.823516026826321051e-02
1.522737859728835394e-02
1.682961223753234870e-02
1.069861099057271836e-02
2.222745217041816393e-02
1.605166492301440123e-02
1.542321288539918317e-02
2.276638533251040125e-02
2.224520728449905227e-02
9.695371656623893650e-03
2.147693092096221099e-02
1.962350974874015400e-02
1.777506066893648831e-02
1.995280561449608303e-02
2.058432734326951646e-02
2.063882076069398913e-02
1.177955776345522218e-02
1.630461869435667968e-02
1.779631023686628621e-02
2.170512983824141734e-02
1.622718986827875048e-02
1.832583131346437674e-02
2.381911086517018647e-02
2.495557904935020305e-02
1.788572186550742640e-02
2.139157396490677307e-02
1.894131515142957745e-02
1.625192254743208081e-02
1.966549632995397492e-02
1.706133157989390969e-02
1.922671865806306959e-02
9.531579787914228746e-03
1.711349713069596282e-02
1.842485781340925249e-02
2.180702271202211717e-02
2.104617490431624771e-02
1.664011703531003902e-02
2.014039424837722400e-02
2.628384899449353815e-02
1.868693813034863829e-02
8.982742791190762369e-03
2.026514424939319242e-02
1.283849035899480191e-02
8.892600608023163572e-03
1.863206861636840586e-02
2.350480752905381027e-02
2.142889785834762792e-02
2.151044886743075368e-02
2.033172945428567829e-02
2.146292260498183779e-02
1.351697844826927480e-02
1.848103995713553174e-02
1.993702089570194291e-02
1.697779184278398051e-02
2.260130889767930293e-02
2.585315505687440368e-02
1.040718126864528630e-02
1.629321506732851060e-02
2.077229244873383257e-02
2.065713900205891004e-02
1.852655576599045520e-02
1.742479721484569907e-02
2.263729459718636164e-02
8.584719809051401598e-03
9.690043895006390795e-03
1.689021377839503360e-02
1.977500124663553183e-02
1.737363649680062627e-02
1.523202049384887909e-02
1.671863477834894737e-02
2.187821322815665034e-02
1.730637038437579309e-02
1.948924735789854881e-02
2.043711382353801190e-02
1.946237650644436559e-02
2.082324133075567213e-02
1.955869614314166213e-02
9.430783915672756243e-03
1.908011160576814080e-02
1.914306320193220196e-02
6.222063110949259228e-03
2.047709932999601870e-02
2.450800764335780632e-02
2.018684353524472994e-02
2.025439764573495546e-02
5.668692820974817990e-03
1.918244174768072782e-02
1.632009293913096876e-02
1.646255241034804556e-02
1.950147525563517004e-02
2.131355806146435078e-02
2.893288456861369332e-02
5.475202961154661263e-03
9.527281141852483176e-03
2.359850807039191867e-02
9.117675021385922979e-03
1.626643221276704784e-02
2.054568233186122861e-02
2.515412861479901507e-02
2.270596212705798186e-02
1.995075102445286255e-02
2.198653843493992774e-02
2.056977657366117207e-02
1.667662625329142945e-02
1.898192853011674772e-02
1.817409266821973929e-02
1.953023324912095751e-02
1.968491917650855988e-02
1.451619944918549482e-02
2.918795662402939514e-02
1.836283726307485001e-02
1.798241138968388955e-02
2.846684779809040625e-02
2.812912740588794508e-02
2.004956546409058030e-02
1.962488925152273272e-02
2.286439213183313890e-02
2.173518796567554603e-02
1.154613765593099674e-02
2.422823425749341675e-02
1.836671445728126073e-02
1.618666258993150739e-02
1.670494578767130200e-02
2.087297745833516932e-02
1.905381720701252238e-02
1.261116152794712099e-02
1.939062724573568236e-02
2.025159897490925315e-02
1.732792387407652152e-02
1.853005371574717106e-02
9.717773448888520835e-03
1.344240173775740864e-02
2.071758663826183539e-02
1.985565581468995769e-02
1.644111251805710841e-02
2.011871121510128146e-02
1.954196711282924284e-02
2.235172910324499315e-02
1.350349258029524477e-02
2.143783340832403420e-02
2.048736234714765292e-02
8.449625969396652031e-03
2.354298213578708693e-02
1.532388745978562582e-02
1.792567015671285569e-02
1.373572041381235405e-02
2.230967148551529430e-02
2.079514843484843445e-02
1.410498625997538488e-02
1.916533136857821382e-02
2.125698113285665394e-02
1.854356059555712158e-02
1.882470230111337947e-02
2.394907508671382385e-02
1.588099070312737338e-02
1.703156265902067493e-02
1.970687276865078566e-02
1.547719257941898921e-02
2.029284847285259957e-02
1.972611935685180881e-02
2.012675307712356865e-02
2.004429034634881701e-02
2.035519891909669948e-02
2.086397323400781753e-02
1.880886280543483252e-02
2.049542772996736789e-02
2.089870634341169445e-02
2.552491212587291308e-02
2.053186454872252611e-02
1.351275003091802034e-02
9.619731394082087564e-03
2.258861407577843552e-02
2.469830309258319243e-02
9.493586948953388130e-03
1.731490368320657766e-02
2.109533783989047187e-02
1.968342002541778948e-02
2.230646847997705753e-02
2.438010461319133071e-02
2.107436604817206419e-02
1.742916367168029917e-02
1.159053670565671212e-02
1.931168893874134554e-02
1.475357292167511943e-02
9.823611655644361174e-03
2.031058620440224713e-02
1.869171276629492603e-02
2.160253834663759809e-02
1.900958269269836104e-02
1.805441264358794221e-02
9.903139548663180899e-03
2.140284691309904050e-02
1.805435181465800745e-02
1.536078576796011917e-02
2.080458923049574929e-02
2.153416719724175407e-02
1.584263904534620807e-02
2.016777431162487116e-02
1.980975565754187345e-02
2.227939382613931471e-02
1.822498707581917191e-02
2.001362359839633023e-02
1.745736745270241516e-02
2.148897772666410674e-02
1.395077272622770488e-02
1.936651227266324160e-02
2.031383950119582116e-02
8.502988925750690902e-03
1.141035650049097676e-02
1.854556169784112377e-02
2.038934992505861757e-02
9.631391453229975683e-03
1.574257926761310489e-02
1.259291187013871979e-02
2.156258696898278107e-02
2.013569596585027682e-02
2.266756142845311600e-02
1.963539000774380816e-02
2.165080599410492898e-02
2.240726670724866795e-02
1.836622024990742716e-02
1.575681932537778551e-02
1.530603807519864690e-02
2.134926159335925888e-02
1.912897805118289954e-02
1.994980563827724457e-02
1.662279416301375157e-02
1.801332775024419228e-02
2.565467457371993151e-02
2.516805402501898561e-02
7.147322950727066741e-03
1.072385661186511623e-02
1.920025787083060043e-02
1.112080283047791815e-02
2.070298443902105628e-02
2.263123223443251619e-02
2.127042859839768651e-02
1.503492985074676540e-02
1.720650759030493276e-02
1.661527011624502892e-02
1.891485485128944349e-02
2.042648688514528063e-02
2.722588416180933210e-02
2.098484111748516109e-02
1.825717319568540345e-02
2.018024836080736795e-02
2.052270088530297465e-02
1.788926687127252377e-02
1.965885836997242550e-02
1.922781812013198144e-02
1.994595841581656495e-02
2.412448211720698982e-02
1.695481980628514920e-02
2.249040552644208935e-02
2.056683187331840787e-02
1.982547619814499507e-02
2.199387100723533550e-02
2.248287681328501111e-02
2.285589849781548624e-02
8.525502665369555366e-03
2.747053140659388645e-02
1.973214162977185784e-02
1.875073833838245690e-02
1.188286158959842020e-02
1.239462746359212830e-02
1.795401144529850182e-02
2.159122671281059336e-02
2.388685840001313412e-02
1.639938377925358529e-02
1.609205310985974829e-02
1.845089649616135988e-02
1.822540073831704216e-02
1.654567766734686349e-02
2.544612139605097884e-02
2.031284654912653836e-02
2.174026484077511839e-02
1.878818628579157629e-02
1.206173298328296062e-02
1.572661400400400880e-02
1.851384084359052051e-02
2.760973753846108700e-02
1.042619293472846036e-02
2.018521934411815488e-02
1.624672329643529409e-02
2.267964766867069590e-02
2.076494356465824129e-02
1.610633272743852359e-02
9.447333563511907742e-03
2.245957539455843352e-02
1.835009758109383202e-02
2.166831442467022362e-02
2.501119518909230427e-02
2.182893955275723788e-02
1.084830575952181429e-02
2.079931172146851776e-02
1.694434492137200654e-02
1.249750822902429177e-02
2.045346298060651130e-02
1.996797419490125777e-02
2.204247125161752294e-02
2.205713126315185166e-02
1.535544332022706696e-02
1.635742738271895799e-02
1.819211644005402917e-02
1.980054595604000336e-02
2.085830501893787964e-02
2.244203213911365180e-02
2.468932450167256668e-02
1.763831109906961042e-02
9.104422830246022141e-03
2.130831877461556584e-02
1.442816930539964418e-02
2.538903352146545944e-02
1.701814421152847770e-02
2.351211675743078086e-02
1.499170062555652168e-02
1.665611229567649093e-02
2.015236237068483705e-02
1.465604898009067840e-02
1.670070524419707894e-02
1.710886413992961097e-02
1.448824394230524386e-02
1.800465624075419172e-02
2.346931082360070517e-02
1.991965733986120896e-02
1.985227390363217270e-02
2.110607273505922532e-02
1.935789540837246428e-02
1.246389446324311021e-02
2.123853994951838825e-02
2.239893474092866446e-02
2.139461971661766118e-02
1.675981937383948239e-02
5.580057912048761413e-03
1.575351280938412646e-02
2.136549404794058776e-02
1.971994519245778496e-02
2.206258703964697129e-02
1.921066345558105487e-02
2.617209692686064612e-02
1.784201312461376060e-02
2.026763008558776780e-02
1.907359679112707179e-02
2.028635330609348045e-02
1.116154527514167695e-02
2.115567371644144420e-02
2.023833364150351075e-02
2.190880480557898941e-02
1.296804536711252190e-02
2.074689036852332344e-02
1.967526602519239359e-02
2.388971627076447168e-02
1.488631003285830791e-02
2.234215763595245874e-02
2.350452057797226130e-02
1.302767133526399820e-02
1.523661631026989455e-02
1.916344167281466490e-02
1.149699103429418535e-02
2.157634047465907534e-02
1.682958387604456887e-02
1.865229518796758176e-02
1.646425910299955178e-02
5.974229109614639585e-03
1.954659550615708841e-02
1.507939507544281930e-02
1.965269125033992231e-02
2.131200499796435596e-02
2.288037893566841063e-02
1.974310932113660169e-02
2.026174234323162293e-02
1.509779585575555909e-02
1.137871948611234030e-02
9.549391153564311396e-03
2.514962691801243821e-02
2.059495058732371126e-02
2.003555476859677012e-02
1.997281416961753028e-02
1.363237067537005978e-02
1.690973054956277158e-02
1.054005454760922542e-02
2.132517491347521096e-02
2.020420762738785528e-02
1.889813050670382036e-02
1.763634054221740674e-02
1.783570216906661329e-02
1.768209397063372559e-02
1.721855288186889543e-02
2.003249275296068929e-02
2.348364691214459288e-02
2.043482031481131875e-02
2.035878961255570968e-02
2.041686201101756623e-02
1.994721185077827710e-02
1.311992203146287658e-02
1.941335982564168505e-02
2.062770274016523936e-02
2.032575149408983456e-02
2.031104948937701576e-02
1.656273170659535929e-02
2.022511995305664029e-02
1.879611591787023334e-02
2.047741094775820322e-02
1.603574677863786602e-02
1.880257390080616181e-02
1.663317280038966242e-02
2.031785401559384890e-02
2.033594275947817748e-02
2.877232594535519827e-02
1.618023553176837354e-02
8.992707468731622050e-03
2.218739903702307559e-02
1.805674715868778313e-02
2.154379009384184418e-02
1.869450777251027707e-02
9.538254105368982119e-03
1.488220809583523652e-02
2.245208065822314886e-02
2.959547569546714871e-02
2.009192849375591311e-02
2.014229595842680770e-02
2.171583403850239208e-02
2.517324244591912993e-02
1.694865040237327619e-02
2.047233657287327729e-02
1.107627715602915904e-02
1.723467670784052316e-02
2.422329866100991422e-02
1.591784432699594812e-02
2.036890985410609589e-02
9.545456999420148109e-03
2.185351406188455053e-02
1.504720885563004540e-02
1.732268455573984095e-02
1.619036074504484612e-02
2.104257428306005595e-02
1.372871623899453095e-02
1.457418514397052813e-02
1.997117814897910251e-02
2.134125805580152149e-02
9.945589559661063492e-03
2.523809597835056581e-02
2.041837695203256586e-02
1.902107751539680591e-02
2.304476782685509900e-02
1.997696080217183784e-02
1.022152925832337661e-02
2.280604793515650028e-02
8.326047151767920762e-03
2.042826369839439299e-02
2.298335846680776839e-02
1.442088008303811682e-02
1.719009850160862010e-02
2.148523751256258343e-02
2.475266258869323124e-02
2.166627831940206445e-02
2.037527847598050862e-02
1.322361374691236914e-02
2.023067567829394883e-02
1.853693166438897741e-02
1.954353220028371557e-02
2.029689520338844727e-02
1.429958450066031068e-02
1.954417934785747726e-02
1.978859142459140144e-02
1.894565675093533297e-02
2.168919816598859074e-02
8.695783249336274182e-03
1.916599972789223907e-02
2.087633127055039950e-02
1.991705747585509334e-02
2.077331233166145735e-02
2.253715138288884048e-02
1.289170005785792057e-02
2.015395893117679499e-02
1.034388075781162222e-02
1.541618631543633690e-02
2.106324908448002284e-02
1.735108691046384488e-02
1.942467499431081018e-02
1.225233906703120448e-02
2.178157896045356326e-02
2.042970493158944439e-02
7.871804385938050222e-03
1.932752405047150068e-02
2.208836812949113715e-02
2.243446104169364089e-02
6.086725556780898591e-03
1.576879256438151397e-02
7.605780346585653759e-03
2.014904039681060174e-02
9.889491073728813239e-03
1.949249202588342750e-02
1.963283186038726827e-02
1.378867805245446651e-02
2.196293761226183680e-02
2.140321619745749401e-02
1.979675340707758024e-02
1.643861705016773714e-02
2.109305786102600930e-02
1.613499868473719165e-02
2.035599870812066989e-02
2.345872177169150766e-02
1.894420815292693905e-02
2.009585199887440471e-02
1.142827390778483609e-02
2.061978779428746272e-02
2.021755928884041292e-02
2.149961371544840960e-02
1.353957900781348547e-02
2.029800459594097856e-02
6.290712348025387542e-03
1.839049602366192582e-02
2.031523762643796735e-02
1.774084472145210853e-02
2.343053220723925745e-02
1.920907449770535222e-02
1.446378658689404309e-02
1.310734724836752803e-02
7.548857094971867139e-03
1.936444082099724254e-02
2.267788005673350427e-02
2.090852295902937905e-02
2.092877814763201283e-02
1.687366855048676173e-02
9.576891791599782822e-03
2.166446063813344189e-02
2.200774326173920298e-02
1.995583281420778080e-02
2.142284237654704798e-02
1.038912260824211876e-02
7.358572590853403386e-03
2.385336637813840338e-02
1.356988015357038155e-02
6.419547884167841646e-03
2.002849368256459997e-02
2.113855959530732548e-02
2.421738323711053464e-02
2.152702799784031104e-02
2.051105182441230468e-02
2.493908675113146872e-02
1.713401957306256995e-02
1.980219701945829663e-02
1.024056020602987643e-02
1.987222766743533195e-02
1.599443469816637028e-02
1.974833903314772085e-02
1.919221000720080714e-02
1.862363093095820155e-02
2.035521718982358924e-02
2.179280811282953423e-02
2.069796246837558862e-02
6.651265242195198747e-03
2.009101385973418794e-02
1.965999577176117535e-02
2.203243540184018565e-02
1.731025959733530420e-02
1.983871592096272257e-02
1.833805805610154785e-02
1.738044536139339222e-02
1.889298855231839880e-02
1.251330396423896117e-02
5.494195169810586928e-03
1.841453243401717718e-02
1.852190707182194834e-02
1.230921441008064714e-02
2.010098331703528626e-02
2.424033527187954146e-02
1.076615232120290734e-02
1.894109046712363562e-02
1.621524727000111729e-02
1.387089328238380083e-02
2.006400175214884465e-02
1.241625985864853315e-02
1.323639692211370927e-02
1.815202576438321169e-02
1.433191125390777601e-02
1.724265937661996484e-02
1.221270197602135864e-02
1.254736693541460765e-02
1.967837366788616552e-02
2.124547141890435059e-02
8.916459493086326821e-03
2.566454664099462532e-02
1.713122737957146341e-02
1.341017838519779556e-02
2.350175021502987766e-02
2.173649661455442569e-02
1.590585168415937015e-02
1.870537224216598654e-02
2.076321501215648915e-02
1.838199566330568635e-02
1.888829851814197158e-02
2.117988206716944419e-02
2.206230671385172107e-02
9.645773746458570150e-03
1.888322246449204364e-02
1.310177516198473592e-02
2.583296273255368189e-02
1.781201082748500031e-02
1.987964708419122373e-02
1.880090284228978434e-02
7.722269127046227193e-03
1.469952093702214455e-02
7.895469163226637513e-03
1.988210276707251187e-02
1.875161691254084023e-02
1.354752529010600469e-02
1.697670885806488311e-02
1.549105066604194482e-02
2.041176733665443777e-02
1.534070909910952019e-02
1.822563057493832572e-02
1.952902972977408128e-02
1.914019193000439725e-02
9.443458563965998961e-03
1.947105826230894829e-02
1.862139163926910049e-02
2.179504570604286554e-02
5.579107692229780258e-03
2.551023441679956677e-02
1.875584213851736598e-02
1.932155293251401965e-02
2.294894728959116781e-02
1.965932906335256941e-02
2.011122186895876116e-02
2.734382015172114044e-02
1.659575311784295543e-02
1.239649167101281382e-02
9.376023654544004757e-03
1.834509407402651338e-02
1.978659953640213298e-02
1.573838808854533672e-02
8.503201531764169319e-03
2.194488837915939405e-02
2.031788337557962829e-02
1.776206075852644617e-02
2.013215767290054553e-02
1.378842906192808380e-02
2.040317865519488891e-02
1.619634958749500975e-02
9.097915385564982541e-03
1.802021386874928452e-02
2.372906282791700100e-02
2.158151310588109217e-02
2.018333431695218394e-02
