3.276197743905466531e-02
3.444366782293285800e-02
3.313417810414855807e-02
3.309002232426880991e-02
3.382030647956600633e-02
2.921295734453564080e-02
2.915456811220418568e-02
3.619389113654736950e-02
3.740624945839976512e-02
3.457703919330862297e-02
3.132575768653731579e-02
3.417719158278757774e-02
4.033966782494313036e-02
3.929316027983317111e-02
3.269159794457862644e-02
3.261565725807336752e-02
3.386244803370798417e-02
2.969967034173906159e-02
3.915813013920099728e-02
3.403005686422254372e-02
3.527904617465479897e-02
4.261745760225503499e-02
3.344889967733614272e-02
3.327982458336344734e-02
4.269762050921420415e-02
3.096488787026457912e-02
4.589498506629233893e-02
3.244037822033278562e-02
3.291029030181032849e-02
3.390411901307396197e-02
3.312600769642514570e-02
3.396486817828647115e-02
3.466434322656126304e-02
3.191994817065865742e-02
3.581119817592458288e-02
2.946721870991527922e-02
4.218128712758913157e-02
3.103082220365482868e-02
3.299226980458080244e-02
2.820775762740234532e-02
3.925694749441140108e-02
3.524057089103731222e-02
3.270291426387620520e-02
3.307087297526489084e-02
3.198336165531822511e-02
3.167511370748739979e-02
3.105571514658299337e-02
3.490862055897947513e-02
3.304362692320104294e-02
3.466542408307480422e-02
3.349179995981889368e-02
3.470181721640751282e-02
3.837060064686605154e-02
3.216114598304304489e-02
3.284854930789449234e-02
3.125862470640174834e-02
3.343689457538072396e-02
3.235070302632445105e-02
3.069105428677352046e-02
3.342804437393805811e-02
3.382645937982432793e-02
3.490620697928149829e-02
3.424788193962607225e-02
3.304269745665882468e-02
3.151264102154594654e-02
2.800354099847290196e-02
4.120440015301647663e-02
3.316879564985826534e-02
3.379570478556231938e-02
3.217585085935761174e-02
4.548854822586677338e-02
3.431507022123531786e-02
3.378716597039401609e-02
2.855797683906561441e-02
3.423590475183619503e-02
5.480488828315113053e-02
3.328423892386823263e-02
3.930938816381687045e-02
3.012718384446954473e-02
2.691450321041106639e-02
3.313174647023216235e-02
3.279875367183177071e-02
3.821599239246872837e-02
3.603977065513740141e-02
3.539766292868558317e-02
3.626924861095733033e-02
3.294433029767503129e-02
3.432447197882439183e-02
3.524761732506415113e-02
2.761551006705633901e-02
3.663751174909541525e-02
3.584478367640984986e-02
3.086376810456289282e-02
3.062534296775916431e-02
3.314589050543630122e-02
3.295602025987438843e-02
3.066923698727450423e-02
3.374600909487568412e-02
3.290366417912964775e-02
3.508588399470845970e-02
3.105140243995339541e-02
3.348309200903392541e-02
3.416071782529343792e-02
3.335638562964842596e-02
3.775157044320538724e-02
3.503885164920745449e-02
3.362158267588354760e-02
3.917423839483361037e-02
3.609391923977900429e-02
3.275176959519633668e-02
3.355400100301926536e-02
3.704730860017600713e-02
4.028842494964812032e-02
2.945194000261164638e-02
3.345250270323919806e-02
3.397624013279475913e-02
3.260176757202166986e-02
3.541245034609619147e-02
3.293660613016480276e-02
3.946479422412889349e-02
3.317107122514263706e-02
2.929840100605198006e-02
3.476224585831272362e-02
3.851617883860451036e-02
3.561420500964401770e-02
3.306261315224225117e-02
3.681444565411585296e-02
3.122916497767035462e-02
4.288017874318863359e-02
3.395791150917263496e-02
3.335115584255385346e-02
3.603330001089018186e-02
3.404802057011074856e-02
3.292708844957234482e-02
3.510092369096319553e-02
3.318583017220617243e-02
3.792216916327013215e-02
3.169171906977314573e-02
3.998422283687725481e-02
3.318757364960367440e-02
3.873674555839064920e-02
3.348420758532067582e-02
3.027834551050589962e-02
2.922616814978097610e-02
3.737911995812337462e-02
3.572484940606172887e-02
3.191991865191441680e-02
3.365651873099075042e-02
3.309317786340310735e-02
3.302658314825974994e-02
2.936067004431032468e-02
3.386205545491322716e-02
2.719710413952194580e-02
3.499996029765212180e-02
3.592624049079047588e-02
3.269320691580162447e-02
3.269349543933126184e-02
2.996161233719961750e-02
3.106838529169549112e-02
3.621302778833592612e-02
3.880215755110085624e-02
3.710352447768569539e-02
3.280043861239485825e-02
4.553109420335478552e-02
2.992741721132258226e-02
2.322387882662173969e-02
3.491927392639800759e-02
2.956740288647287385e-02
3.182291683961134543e-02
3.625287949303949292e-02
9.564482204740581972e-02
3.496077129276418255e-02
3.313627402183853821e-02
3.421482115161164628e-02
3.162535072564560262e-02
3.468043006197318173e-02
3.312893491907172722e-02
3.410152750513075620e-02
3.220224989491703854e-02
3.336561049525792882e-02
3.442591556899872451e-02
4.346456372475773072e-02
5.414992464632351066e-02
4.014320027447172007e-02
3.715652987131515955e-02
4.429071042017944382e-02
3.272103566338317032e-02
2.802507594901598037e-02
3.254439836273877867e-02
3.428585222533425680e-02
3.318361713561208265e-02
3.247255183993357636e-02
3.499347973632365577e-02
2.795282195914980741e-02
3.359791100413261206e-02
3.523243191378545858e-02
3.136849035795125085e-02
3.257118730230665338e-02
4.254973506974260578e-02
3.308559031725277766e-02
2.760790580711429756e-02
3.225016165135469182e-02
3.424030466431626785e-02
3.929362622411614742e-02
3.291828943471764024e-02
3.473037721490554453e-02
2.730271907983508259e-02
2.991537868597405475e-02
3.257673904065954557e-02
2.849387113905601024e-02
3.389906107125117279e-02
3.591221853684010284e-02
2.806772038558546720e-02
3.382631793667658510e-02
3.128248988185771545e-02
3.046517783524782877e-02
3.258117992293861620e-02
3.856525727265593118e-02
3.891152443918628745e-02
3.568874876200010815e-02
3.917206853278906720e-02
3.318923215790624270e-02
3.683140035328844042e-02
3.203688787557944229e-02
2.931997724282906642e-02
3.674092938978321121e-02
3.681845402617879570e-02
3.016818227619194950e-02
2.995769303060475883e-02
3.183674054328449604e-02
2.636627316462649903e-02
3.795970370034302405e-02
4.176463599683694766e-02
3.057651381046217962e-02
3.425581847891487342e-02
2.464146630417637582e-02
3.385863413157479823e-02
3.690555000518599277e-02
3.341336440551985476e-02
3.098073879848510168e-02
3.369474635587884487e-02
3.152054800923265870e-02
3.651738748398321993e-02
4.341242570195723294e-02
3.217582260478794171e-02
3.654393784534499395e-02
3.498808396906370743e-02
3.649882213068477571e-02
3.225036081446937264e-02
3.357254425842182838e-02
3.260456028139545326e-02
3.534318130415905340e-02
4.996854391475617080e-02
3.941401438546630887e-02
4.205362429469469698e-02
3.369797986727134098e-02
3.361587449337648942e-02
3.326504231476121870e-02
3.186827671256602795e-02
3.353427668108437815e-02
3.458744543337146510e-02
3.311657858416087313e-02
3.342002057733932385e-02
3.587385630537662934e-02
3.067336601273522659e-02
3.313139112922715290e-02
3.304053199928366075e-02
3.380579379363918974e-02
3.126314136279100681e-02
4.088393975301141819e-02
3.272519390679413942e-02
3.207209296920596892e-02
3.613701063992798973e-02
3.025981539356216790e-02
3.427685569291865492e-02
3.899021629662276223e-02
3.139413050391307025e-02
3.256570740248695278e-02
3.092837275226994684e-02
3.681872707442317844e-02
4.132882394802640108e-02
3.082344920350089598e-02
3.295003290735161461e-02
3.320615033919304543e-02
3.398762693831875598e-02
3.566680018705011002e-02
3.038181095276512589e-02
4.701749448995454217e-02
3.168335373714063069e-02
3.531826613215646726e-02
4.800351082280585741e-02
2.862260231638065130e-02
2.802250951555706679e-02
3.472887353420890666e-02
3.503411216940099243e-02
3.270809227386881068e-02
3.901769029598069899e-02
3.157757054335736530e-02
3.666118885760610152e-02
3.808037916508952292e-02
3.349658724611331156e-02
3.250256463316910510e-02
2.983253478411986362e-02
3.251253452960461282e-02
3.441359266985190984e-02
3.338591566115819281e-02
4.837375125507775014e-02
2.503256614473643032e-02
3.544320332931182732e-02
3.432426049954753061e-02
3.276935943528210687e-02
3.334641059520324080e-02
3.403967555926667304e-02
3.455482052186976960e-02
3.519061212219808804e-02
3.781034591678781448e-02
3.269108920554630177e-02
3.653912225588791529e-02
3.248317094037221631e-02
3.388860784784065994e-02
3.939826270368027017e-02
2.700718309061491199e-02
3.647356459286301561e-02
3.213679440621351052e-02
4.675366773561183409e-02
5.008819398681260693e-02
3.508908442138042316e-02
3.061739770510880573e-02
3.170560722943940868e-02
3.201790583836965770e-02
3.188944394692126011e-02
3.066348598682562890e-02
3.315428544589076737e-02
3.255575302923687658e-02
3.572122232613590687e-02
3.093952197319242356e-02
3.149595029495594334e-02
3.295387151314547319e-02
2.800177019622076408e-02
3.352767824587617185e-02
3.985947858906356556e-02
3.566237308982268817e-02
2.950028497554873022e-02
3.385328217281205476e-02
3.304177536668394949e-02
3.376112200050772338e-02
3.269491700500260639e-02
2.944050303441668459e-02
3.348936443937791663e-02
3.349063857646728676e-02
3.159018946293048330e-02
3.254653710920367427e-02
3.638220970314606784e-02
3.207674660530829974e-02
3.330410129970292482e-02
3.355732320212152786e-02
3.446686371040894037e-02
3.147334726034192037e-02
3.454322147261309345e-02
3.413424169841646622e-02
3.160374524953957903e-02
4.802522115059491836e-02
3.389249687385542664e-02
3.342062304240505516e-02
3.364918481306596737e-02
2.939610789550253095e-02
3.389014424883192433e-02
3.201567257210069517e-02
3.939310278553445621e-02
3.379595273536016575e-02
3.616528638749978014e-02
3.086059946120834480e-02
3.343814031602820175e-02
3.648042248923562964e-02
3.249575013235501270e-02
3.426067822280891989e-02
5.414736852624964930e-02
3.430869117039843375e-02
3.293943648051893269e-02
3.021781983714555073e-02
3.300989280576372559e-02
3.188932174360474547e-02
3.309966142567860592e-02
3.112785505407664188e-02
3.222263657134564335e-02
5.152585299471763164e-02
3.041793220920814209e-02
3.556393304286962348e-02
2.895483372918805642e-02
3.231201484166187909e-02
3.369874806350109386e-02
3.262132077058714497e-02
3.459542545715233591e-02
4.112311280622572840e-02
3.262848858637116406e-02
3.356901264097917476e-02
3.584852461419902464e-02
3.421079560249244006e-02
2.855807448999296214e-02
3.498859689242018317e-02
3.373509846747008850e-02
3.243213679925513460e-02
3.005700045749858107e-02
3.408444324434278111e-02
3.385244248623074659e-02
3.449111490967306237e-02
3.495142110392884111e-02
4.573333170494209982e-02
3.131918820841077949e-02
3.519077887459254317e-02
3.213650419026005400e-02
2.890932413079284197e-02
3.573315508290652448e-02
3.234746524876521562e-02
3.454145268177424150e-02
3.517754325861115888e-02
3.316897235850552877e-02
2.817771006628021213e-02
3.054334476221329253e-02
3.125684589918908268e-02
3.917695307930053883e-02
3.063843727537051906e-02
3.510046529910380853e-02
2.551852098547178690e-02
2.931370146863728973e-02
3.321688361292548380e-02
3.220675399054210436e-02
4.777487099982333923e-02
2.923631064375874569e-02
3.322690073408605949e-02
5.009253430466927004e-02
3.408103066687294402e-02
3.330868394456591719e-02
2.599366475257104334e-02
3.485005201445416645e-02
3.348002512605009751e-02
3.459057186607367163e-02
3.315982253233378668e-02
3.910683481937079348e-02
3.673237793010555863e-02
4.087002125490492993e-02
2.803926209713623191e-02
3.543350180788768650e-02
4.603188702734865162e-02
3.658710758068726282e-02
3.218702568770249323e-02
3.695873632220782190e-02
3.141416720190740031e-02
3.691256423365218281e-02
3.282607840995471066e-02
3.546990215335917712e-02
5.833332728285717250e-02
3.225994961475933676e-02
3.423693159497191718e-02
3.087514476264149876e-02
3.229372648220141945e-02
4.574324058469395049e-02
3.343426023214807891e-02
4.425156033880979500e-02
3.509144570516389144e-02
3.401324325924948155e-02
3.289747147900845547e-02
3.899583525213806690e-02
3.375387371536254372e-02
3.598613517279600910e-02
4.740310753099151453e-02
3.408966820249344221e-02
3.534386820786079159e-02
3.302356567470214610e-02
2.577235530651888692e-02
3.535626743751467405e-02
3.334378534616136425e-02
3.397292689497570517e-02
3.352241552809997333e-02
3.286050488225474020e-02
3.442822672854752020e-02
3.130759675462387731e-02
3.398547124994023838e-02
3.440716090102710623e-02
2.800620817340323046e-02
2.448353472983112386e-02
3.525856771749035640e-02
5.000791885375428097e-02
3.095074411022344374e-02
3.647128368263216625e-02
2.497260958990649843e-02
3.818167041010215451e-02
3.718504230264560451e-02
3.125047242066943814e-02
3.349520480250271770e-02
3.340461379400006675e-02
3.646081452219683550e-02
3.043514585774709930e-02
3.279680342089824618e-02
3.257091232048402174e-02
4.089040192786529831e-02
2.335468389941841236e-02
3.678534989463091986e-02
2.858714967676896299e-02
2.729846373440337343e-02
3.304463466748979589e-02
3.275096879663254995e-02
3.723182271709866292e-02
2.645073652774813933e-02
3.584679043861771497e-02
2.798319057594014780e-02
3.083736086900685722e-02
3.402740126439662838e-02
2.799255104940895356e-02
2.987973275585252553e-02
6.586448855145281278e-02
2.259527786639607336e-02
3.504690843693965274e-02
3.848192209845263667e-02
3.318179491663151431e-02
3.574615394619660991e-02
3.197641566616780257e-02
3.957182973814605403e-02
3.343928006836716788e-02
2.932636863201712810e-02
3.261458561451779231e-02
2.937624213289944872e-02
3.381422390810877310e-02
3.334037888453722509e-02
3.417797635692639696e-02
3.196574588101167014e-02
4.411198967397324255e-02
3.553666069426554552e-02
3.355452126577233851e-02
3.282996445874891006e-02
2.933865929587677751e-02
3.274097214377662962e-02
3.292707006968161737e-02
3.615165348844372184e-02
5.194929215426098007e-02
3.347727869264142259e-02
3.918540149438700521e-02
2.676405372615062520e-02
3.546522289793879040e-02
3.331857356750472093e-02
2.643633702074104502e-02
4.133390660939686295e-02
3.244492973395175089e-02
4.129229024459902392e-02
3.877606174418113394e-02
3.428159496144010665e-02
3.342774551848168990e-02
5.266946372705027385e-02
3.338727052362819997e-02
3.346743868507132125e-02
3.272875033645655796e-02
3.484508265131409932e-02
3.268939420744083196e-02
3.305301547729931622e-02
3.311887715613089089e-02
3.130097482513449769e-02
3.305360849220781438e-02
3.289505525585768864e-02
3.415961910329966267e-02
3.271642696546753215e-02
4.540540503630190183e-02
2.728447640245460284e-02
3.713605502292377514e-02
3.207546315487179445e-02
3.742610538023024430e-02
3.358524140504813571e-02
3.462398404635013555e-02
3.370621890626465667e-02
3.557569786218558322e-02
3.266845443820069056e-02
2.683044013404146597e-02
3.675396283883938797e-02
3.894136108083928044e-02
3.367586693228311751e-02
5.745905840413274845e-02
4.480743746179347009e-02
3.343982987208413832e-02
3.442241558011553682e-02
3.304050501655406841e-02
3.479404383896796821e-02
7.426983821297394872e-02
4.159986298543782296e-02
2.880944876161210810e-02
3.143263443696005938e-02
3.326102661239221242e-02
3.290425537794158806e-02
3.325509840407329942e-02
3.152761069129058485e-02
3.140332165493298772e-02
3.066000156702887100e-02
4.357487394687275389e-02
3.559265774904853824e-02
3.269879377214895966e-02
4.381513796647139303e-02
3.339319956095474634e-02
3.321115554575082562e-02
2.780982422332714532e-02
3.370773879425683489e-02
3.268772037214783682e-02
3.784064790583612642e-02
3.571768075170334011e-02
3.014694745742318993e-02
3.586660816681334907e-02
3.321650100400077438e-02
3.210004219505360051e-02
2.994103145806661925e-02
3.377316375398303067e-02
3.184743994268860595e-02
4.081468466904154130e-02
3.050037615578347211e-02
3.321866484603028941e-02
3.896215998142213421e-02
3.503362875774460733e-02
3.171140460361223518e-02
3.797532727049022366e-02
3.426700500757246665e-02
3.086970722732957154e-02
3.184135807015704006e-02
3.276728517765467585e-02
3.601944854656895234e-02
3.474793020904112795e-02
3.224220908041841582e-02
3.238903940887345040e-02
3.291741444131994487e-02
3.237708436306454413e-02
3.456500685723062211e-02
3.387502981386803641e-02
3.959207340226948008e-02
3.113181714936864505e-02
3.122510132923599080e-02
3.299036338263529322e-02
3.447651659138797897e-02
3.631706029854694234e-02
3.285061012854070817e-02
4.171907114698505947e-02
3.940819107886208567e-02
3.079434518353546882e-02
3.386400620704213549e-02
2.938331847031799490e-02
3.499121592352137655e-02
3.338351700310857040e-02
3.524365436767623594e-02
2.908084922670859176e-02
3.020164322821167549e-02
4.007748232383424175e-02
3.452357923010117291e-02
2.963289391011508442e-02
3.240561772787258626e-02
3.141622075832874866e-02
3.937451965506109236e-02
3.077130977845794410e-02
4.899061238596323642e-02
4.067669328628364250e-02
3.391829033679202160e-02
2.624241685607564198e-02
3.294326442588749876e-02
3.270285278916654215e-02
3.219575575338710915e-02
3.644262092375211842e-02
3.232468140816539826e-02
3.401370166342485013e-02
2.803574869550944440e-02
2.767779056650993344e-02
3.353988636904015747e-02
3.214802053080766803e-02
5.588617598543834525e-02
3.367054209700101608e-02
3.644137574193100082e-02
3.739463566304382369e-02
4.417400130299448807e-02
3.204977407443825033e-02
3.449626366195610722e-02
4.898671404547944724e-02
3.375131664864449571e-02
3.493116774448441764e-02
3.225014405967672332e-02
3.230243306959617450e-02
4.085488897412042908e-02
2.908613186635802123e-02
3.486879467695039314e-02
3.288484597445912039e-02
3.434504884708917960e-02
4.460850275222221634e-02
4.059950819894116852e-02
3.259112062204446575e-02
3.277849401973901428e-02
3.152025172502039008e-02
3.423847471719023566e-02
4.184212057654543987e-02
3.725474364719533887e-02
3.982551761416614627e-02
3.194111445806253197e-02
3.421245223869106428e-02
3.314194625374858316e-02
3.235705431582330122e-02
3.441926393049575539e-02
3.405924271004298620e-02
3.455213793373225484e-02
3.674628274524777832e-02
3.361665466241618022e-02
3.808122495852872547e-02
4.127418808002802919e-02
2.819640675295650295e-02
3.726494510517098374e-02
3.023131131914953348e-02
3.422526877259546296e-02
3.292137611239004391e-02
3.591711548584135966e-02
3.357305795288309525e-02
3.570935801635834184e-02
3.249484905657429312e-02
2.884334635650220510e-02
3.302382363601037707e-02
3.166122257630741427e-02
3.486424415875043897e-02
3.026596810545316082e-02
3.201505592258661187e-02
3.407121890742906972e-02
3.319184145140838260e-02
2.898199957769144117e-02
3.349272399592801569e-02
3.105801980101376494e-02
3.343256054382826720e-02
3.122682786181193645e-02
3.402681742311406549e-02
3.577727189938194330e-02
3.980267425679506060e-02
3.199468927878848512e-02
3.347515613445790905e-02
3.678655835662734269e-02
3.150790248355964801e-02
3.308140887202606212e-02
5.337977702146528419e-02
3.727610344570123774e-02
3.106908414357129750e-02
5.179667337136938804e-02
3.606922728987582705e-02
2.689449697707421011e-02
3.234422055065738766e-02
3.348433262159743184e-02
4.216997738256256928e-02
4.370270840142648217e-02
3.312859970179697633e-02
3.285490354376476019e-02
3.247977795788109523e-02
3.389694707743855923e-02
3.444916486489411206e-02
2.803129568581967657e-02
3.712687948728271570e-02
3.258178093132787362e-02
3.369242533376164139e-02
3.174569371380451394e-02
3.144801376580860786e-02
2.412013137585443737e-02
3.316779894166144160e-02
3.457548764073524461e-02
2.957367000752189959e-02
3.321835006306941840e-02
2.699039519862966169e-02
2.986407064730172214e-02
3.017720221372035758e-02
3.345807611082742689e-02
3.627394270603245818e-02
3.621872386975538011e-02
5.387078875362038416e-02
3.332944023716492843e-02
3.292525551023105929e-02
3.981678594986069047e-02
3.299254339989276391e-02
3.466183129320196676e-02
3.471352803034675333e-02
2.397691376704178673e-02
3.941157896852903741e-02
3.272574869202974496e-02
3.730960482266187928e-02
3.288134801034276605e-02
3.332551982450090988e-02
3.222445109968028604e-02
3.277068641976515345e-02
3.234726573275255312e-02
3.020354010167060343e-02
2.998471307635694125e-02
3.192610855564911865e-02
3.585540670950312925e-02
3.351509931947253829e-02
3.860609068295901836e-02
3.596728663288192157e-02
3.319475315202949361e-02
3.308277899990490212e-02
3.806729988315591534e-02
3.488982515314404537e-02
2.701449381480446055e-02
3.204748408754092698e-02
3.498002210601287854e-02
3.504592573846029152e-02
2.739963363126225737e-02
3.171801147278746624e-02
3.855871910415345494e-02
3.257221486678757438e-02
2.711815138684756793e-02
3.054678988992486077e-02
2.875021990479372652e-02
3.360772606466250895e-02
3.382938574840359952e-02
3.557604432583385407e-02
2.790374795264748131e-02
3.343524064739601676e-02
3.345974155816640316e-02
3.411584175149948855e-02
4.007276422388442172e-02
3.399553552027202025e-02
3.153471789679654358e-02
3.288713163364807845e-02
3.555158440458468933e-02
3.129322488794832741e-02
3.401989562166869013e-02
3.329341280199092645e-02
3.094693378653224497e-02
3.500991056695109543e-02
3.058024288138086119e-02
3.616212285215555239e-02
2.401740868337676887e-02
3.484501879007175645e-02
3.810170578362763461e-02
3.542834585681348125e-02
3.079012770745636826e-02
3.373249649808466449e-02
3.051009301407427848e-02
3.994916788958904202e-02
3.530584192931349868e-02
3.525210313385519767e-02
3.366589279940446211e-02
3.356135501496575191e-02
3.655150798440995330e-02
3.365740444413255206e-02
3.364012352961898156e-02
3.297872885057558795e-02
3.081020677467816854e-02
3.301120069068194662e-02
3.924018573090096856e-02
3.325262989960529880e-02
3.127151708010220826e-02
5.480666390697935125e-02
4.617594888051974183e-02
3.519079389355496412e-02
3.033791634991636621e-02
3.320451619956435452e-02
3.329517814627673544e-02
3.239155429832998867e-02
3.394895401418128456e-02
3.614595762101623783e-02
3.015960548001720906e-02
3.413807296580555206e-02
4.378190763528319596e-02
3.506313117116645339e-02
2.987171347755181519e-02
3.492602076495257557e-02
3.270498638685185450e-02
3.502603517919935378e-02
3.096771322190881512e-02
3.161228485212329298e-02
4.124633227133474300e-02
3.802359482136390134e-02
3.298664264033437238e-02
3.420395669468141719e-02
3.174573908562249025e-02
3.338248156366431518e-02
3.342069958347058251e-02
3.488079441080776250e-02
3.340005138893670233e-02
2.734982162006630024e-02
3.141638750216279447e-02
3.356796578039622503e-02
3.368272027378108741e-02
2.982677912238829165e-02
3.246720662256595558e-02
3.452273863624186895e-02
3.518363262856930018e-02
3.226718433838501876e-02
4.090390022450567792e-02
3.275857289441373027e-02
2.725772181356160909e-02
3.336234255040160940e-02
3.719958357703669061e-02
3.291978026325262374e-02
3.150657511699390262e-02
3.569627949866346905e-02
3.390159692037007094e-02
4.377935955830453835e-02
3.298335547157373732e-02
3.318284954384192326e-02
3.684032634885375801e-02
2.740747924725439946e-02
3.251538233000393630e-02
3.652028032068226071e-02
3.128698715864981772e-02
3.397697571737780253e-02
3.291455203638828791e-02
3.328231206950144072e-02
2.973702165303229034e-02
3.250813997174470393e-02
3.422463693968523513e-02
2.645127208870517999e-02
3.431408564616671153e-02
3.426916060143373605e-02
3.465329322284123326e-02
3.450071460865941630e-02
3.464068704807377053e-02
2.936544086501512510e-02
3.405116611804224341e-02
3.251679839457720378e-02
2.996202321547248790e-02
3.977819726124409011e-02
3.093884203527564117e-02
3.273465004105748782e-02
3.272547394913322832e-02
2.984375363762604635e-02
3.249871007494980341e-02
4.540361907043434508e-02
3.735096267438132306e-02
3.519913712713088755e-02
3.304930592973934905e-02
3.226357744805329747e-02
3.393629225741573441e-02
3.789599941915603593e-02
3.270071466628793333e-02
4.526843578108617761e-02
3.320731347181964110e-02
3.307492329248468838e-02
3.421120050494688009e-02
3.128176353108612362e-02
3.338910926447590660e-02
3.154948436952827867e-02
4.317428347881735462e-02
3.298579341848645319e-02
3.362232812160775852e-02
3.146221763421264139e-02
3.230296502376303613e-02
3.345366890182234487e-02
3.333716167615041748e-02
4.154987419986524988e-02
3.211533617636261329e-02
5.093393074821372241e-02
3.610373919926848640e-02
3.367855675656578063e-02
3.160138055493257048e-02
3.392885359762800451e-02
3.280669812558541232e-02
3.354802482872393243e-02
3.324670111929861616e-02
3.507563925409908079e-02
3.309029366431584518e-02
3.462578263545802032e-02
3.801046674454490459e-02
3.314371954412407423e-02
3.231395408612252468e-02
3.738904989274096508e-02
3.026752214154699791e-02
3.343710725268073114e-02
3.159574624652676522e-02
3.305472619217266622e-02
3.476327110286045463e-02
3.182735603180524009e-02
4.253559920176869930e-02
3.617832949460694086e-02
2.819640255831038639e-02
3.012867335672604618e-02
3.016133986282516430e-02
3.377174095930859932e-02
3.462219643920978751e-02
3.314085752057902012e-02
3.349008465822127939e-02
4.221662126214691113e-02
3.339068809356852963e-02
3.341770996177905600e-02
3.090113665939009033e-02
3.031104838836543025e-02
2.681030146775186668e-02
3.445281704606061035e-02
3.220475407458005257e-02
2.827660495524876583e-02
3.692367686163021412e-02
3.324871400543551181e-02
4.001535805301205395e-02
3.263808798496532076e-02
3.255243761373628752e-02
3.428881186191838626e-02
2.891875594673550334e-02
4.031599477012950267e-02
3.778536660282191817e-02
3.503025495360582997e-02
4.128736463972950549e-02
3.691066609480010696e-02
3.562593337381761427e-02
4.472175005205795972e-02
4.746905749091324955e-02
3.295257843557451716e-02
3.302353436503661921e-02
4.750188434668779769e-02
3.291143732440097308e-02
