7.176706604738446182e-02
5.811826172615514041e-02
7.173869240946276205e-02
6.993157266830972441e-02
6.584268183828459464e-02
6.768629594313452236e-02
6.700459446990465751e-02
6.911302139490509144e-02
4.096689995966745768e-02
5.305358328737518059e-02
7.092578215917968998e-02
6.748983083245385650e-02
7.174995285761420760e-02
5.891202085671334854e-02
6.065836569119934657e-02
7.096915353158551876e-02
6.658792888887650474e-02
6.308992141545188836e-02
6.730825918012116327e-02
6.981179921557978396e-02
6.256478582682710454e-02
6.640925568924152533e-02
5.489059741754482441e-02
7.270839501175478670e-02
7.106390191314586324e-02
6.724230874653845669e-02
6.569389062128490331e-02
6.889415766470755043e-02
6.048764581750837310e-02
6.821394629503312046e-02
7.317892402902366478e-02
6.898235042987657661e-02
6.653771971508991301e-02
6.222791713334157454e-02
6.949589050149990177e-02
7.169078477428800222e-02
6.841886529030123676e-02
7.048774660571664741e-02
7.453385104143252227e-02
7.006952862455873010e-02
6.814951641458659448e-02
6.999345807071989667e-02
7.168384846480699291e-02
7.210581442578846423e-02
7.040576386315869351e-02
7.032710582604979888e-02
6.961020488853614241e-02
6.897862078143957021e-02
6.760107189893434232e-02
6.621019248341980523e-02
7.076759359910129998e-02
5.822043079737229676e-02
7.049007468728546444e-02
6.750220380749545612e-02
7.026513825947851288e-02
7.042343848806736917e-02
7.027581576968738863e-02
7.286450850698480974e-02
6.870236581285976696e-02
4.586480754074057087e-02
5.806132457121360863e-02
6.179602533366141542e-02
6.935266161836869947e-02
6.994813741776750859e-02
6.167786159278973446e-02
7.359314305074377005e-02
6.685972330315669010e-02
6.663361542469825594e-02
7.411079522464372737e-02
7.310982903285163925e-02
6.968676902161911879e-02
6.752077920071722361e-02
6.941891792407306472e-02
6.057019471370854447e-02
6.409761471593805604e-02
6.609846751810835586e-02
6.845251266155208403e-02
6.850607337325616275e-02
6.944661360830570174e-02
3.578904353766622359e-02
7.143577376765815334e-02
4.101746851513612957e-02
4.876064689789144646e-02
7.418323412891017488e-02
5.116460161669449114e-02
6.537445760672902506e-02
6.596862336772320312e-02
6.776159182278593263e-02
6.437619503608385529e-02
6.116551062153651602e-02
6.934948767016277382e-02
5.990890706882059935e-02
7.076172525737883801e-02
7.059936851030351734e-02
6.902823859623583025e-02
6.809040971723173685e-02
6.912590782617904217e-02
6.250906086026628006e-02
7.656203009410714189e-02
7.196419291254352313e-02
7.004502550133007155e-02
6.890652070919757455e-02
6.963060628279531261e-02
3.363218307196311901e-02
5.303792998710887829e-02
6.952429187301301106e-02
6.196042646723896874e-02
6.876346537428186523e-02
6.971009677226480683e-02
7.398953870334176730e-02
6.592752711372190655e-02
7.009489731495266440e-02
6.417956626990919955e-02
6.911579583669719140e-02
6.559087550089903740e-02
6.718527168965281182e-02
6.734997562577627050e-02
6.862243870765613596e-02
6.994600287807443972e-02
5.312202723601650023e-02
6.209821952313298449e-02
7.144696634633941612e-02
7.101669507742854048e-02
6.767574185932062614e-02
7.091005848907598608e-02
7.054899899140423813e-02
7.152137479471749881e-02
6.062735020167896866e-02
6.390831325694863729e-02
7.042147264628315084e-02
6.194089603505847225e-02
6.686844656413273857e-02
6.862341480115224934e-02
6.930631559839343925e-02
6.428609690133949006e-02
6.527767476684316617e-02
6.790749415666295918e-02
7.184344124149204258e-02
7.280967922335736253e-02
5.940644316618183540e-02
6.798222023338869324e-02
7.282750016396211112e-02
6.238928247231365770e-02
7.347465186223788025e-02
3.903996940621054512e-02
6.593226206243187060e-02
6.730136065919484212e-02
6.965619796685462717e-02
6.327864539957778200e-02
5.041392154648413615e-02
6.958197147427218343e-02
7.155584099890904826e-02
7.069462619301133954e-02
5.938284797653006764e-02
5.923092437209533795e-02
7.057632667653414293e-02
6.503079264780732560e-02
7.010828957434084296e-02
7.713421575869006119e-02
6.734087699569957230e-02
4.694343887464928755e-02
6.866641436331094583e-02
5.635492119041386749e-02
6.791567055601412106e-02
5.786900231126076988e-02
7.015378477165323812e-02
7.169291314738669707e-02
6.647479289302439531e-02
6.983186787469006229e-02
6.291171357333685821e-02
3.541044840745868894e-02
7.115534749326520025e-02
7.050901136835387162e-02
7.037562016891740768e-02
6.895870730324159259e-02
7.052781759869093670e-02
7.231305077414827698e-02
7.067149874760311756e-02
5.985103342241383101e-02
6.898636327575345673e-02
7.006292701415657576e-02
7.313267769563200349e-02
4.903240914577268461e-02
6.248255807903177472e-02
6.870159462385409810e-02
6.814190668503408710e-02
6.554141074078163876e-02
7.245136507831710648e-02
6.663602934084858487e-02
7.043562163252838071e-02
7.353455482921718300e-02
5.724874759164549215e-02
6.716935756839187421e-02
5.783346409370710567e-02
6.609379019838658442e-02
7.253220353989563163e-02
7.473134270671598356e-02
6.738197633767409322e-02
6.952907597095195347e-02
6.887517167643912586e-02
6.281676158662843901e-02
5.426629587567927127e-02
6.842738244687804339e-02
7.271332120933671206e-02
7.082233724145485521e-02
6.801797208938450967e-02
6.889204856267402977e-02
7.260058221384038668e-02
5.877691533717011724e-02
7.282308873085309442e-02
6.325300498409960892e-02
6.494772454750333268e-02
3.975604354918509803e-02
5.602086139986950375e-02
6.968615259013989649e-02
7.050323634529390149e-02
7.050612034757323954e-02
6.588199402276553873e-02
6.918910103656167321e-02
6.765442802332040373e-02
7.032734085904907007e-02
6.873950753271119984e-02
6.470747598786535937e-02
6.096588920779830861e-02
7.003472564911930598e-02
7.383638391546686053e-02
6.557051352069914740e-02
6.409131698691911128e-02
6.921044381761326525e-02
6.106384356182548850e-02
6.919027177088220293e-02
7.026881481417407427e-02
6.811265846651155809e-02
7.033401032572417222e-02
8.963978699682866036e-02
7.017291478838505459e-02
7.077789719537241897e-02
7.216195558866456139e-02
6.122323011138690319e-02
6.884266665741481384e-02
5.933133122746685195e-02
6.966870634868092826e-02
6.733422489220425300e-02
7.041526725885192961e-02
7.459971677704028969e-02
3.440234921863900147e-02
6.065224559131218718e-02
2.443259126943758686e-02
7.254090615632396988e-02
6.587606132460843700e-02
7.026758657116083384e-02
7.158842399265716305e-02
6.973783655758498956e-02
5.910819664026466941e-02
6.985600078841736060e-02
7.380261322762234066e-02
6.164554462140828250e-02
6.374702066235311826e-02
7.021764976939198766e-02
5.074176099596758305e-02
6.286668575993334396e-02
6.916531890477480016e-02
7.039085402358745414e-02
7.018682743668815116e-02
6.591426133030046930e-02
3.778858982832353219e-02
6.155105346290993401e-02
6.662991622419890680e-02
7.018219780217746506e-02
6.942294471580726101e-02
7.149189428667113155e-02
7.145338273672156848e-02
6.435943449825057283e-02
7.017563585083837208e-02
7.059862391264049020e-02
5.033994127530887208e-02
6.773325715795400215e-02
6.904229165737700569e-02
6.945595001590083861e-02
6.896991820564506159e-02
7.036144058686995273e-02
7.129970567441902551e-02
6.815019147950139577e-02
3.890222477959075914e-02
6.178854972302696286e-02
5.302327030589168433e-02
7.406422050345946861e-02
6.104301867276035187e-02
7.050387005333122459e-02
6.044204890869039198e-02
5.548992647703239467e-02
6.743090852803586277e-02
6.679018703737019114e-02
6.945526706868970779e-02
3.485382084048050527e-02
6.664077034410371969e-02
5.013229306555617992e-02
6.481185569222812359e-02
6.929989029468694439e-02
7.057680927229569023e-02
7.376962469032090353e-02
6.234440896691831324e-02
3.959108966332643142e-02
7.067122647002747893e-02
6.852009501154729398e-02
6.398415911804057610e-02
6.953224594311244178e-02
7.059654638420036210e-02
6.261441985995362669e-02
7.010923138921254516e-02
6.485968115520858446e-02
6.778829651757560526e-02
7.059892131386032166e-02
6.919576170073932220e-02
6.474019151520728210e-02
4.698541826791380327e-02
6.835071685413036946e-02
7.142850487567931062e-02
3.335204487215561592e-02
6.807561710182433168e-02
6.619160900200973807e-02
6.731795537995569068e-02
7.116215334694006578e-02
6.906572182925524439e-02
6.809065236567646284e-02
6.684714135017739978e-02
6.834335030912572218e-02
6.532499975887534616e-02
6.576845186006310962e-02
6.905949679019952880e-02
6.866858965382732771e-02
6.971316901771787422e-02
4.441167084651779368e-02
7.053257135239045239e-02
6.537210764776024696e-02
5.932335646332772411e-02
6.611357861012007175e-02
6.038792638759031550e-02
6.322319125872617740e-02
6.021385941577983569e-02
6.970513478423355502e-02
6.916872212027547207e-02
5.162384906178273808e-02
6.986422971499664514e-02
7.295080826893982073e-02
7.000378897460536598e-02
7.183051475476237568e-02
6.073975517922384354e-02
6.695962481727628368e-02
7.565189022652965556e-02
6.859840772008428400e-02
7.011067909517261498e-02
6.791943789743926096e-02
6.383052442935981119e-02
7.653286663087993658e-02
6.498188658058705325e-02
7.196217738426513577e-02
6.210664090714945046e-02
6.807017523682135085e-02
6.700778607569171652e-02
6.871008125311962866e-02
7.166362182512571455e-02
7.158499629280835885e-02
7.188190678552573709e-02
7.041705241346736532e-02
6.361769178484424914e-02
7.095995197579921254e-02
7.080747824998299966e-02
7.300432042901071339e-02
6.843945161712049197e-02
5.771520265867600280e-02
6.218341805374675429e-02
7.004292496910173582e-02
6.873521477736438401e-02
7.228725693884741066e-02
6.455193129250653972e-02
7.013353740549618798e-02
6.416217214127152568e-02
6.662485126593520324e-02
7.104398576353868067e-02
7.052099182024831880e-02
6.867931236912044879e-02
4.545787134880079766e-02
5.975589906541343976e-02
6.859271510393800952e-02
7.042491345970448846e-02
7.345700702500318480e-02
5.112141413290998554e-02
7.068688704381692611e-02
6.375115325832682311e-02
7.548025678189186627e-02
6.917700058157007226e-02
7.035316993790108331e-02
7.005943087943830583e-02
6.278789242753297917e-02
6.846082927120039630e-02
5.249730367629457800e-02
6.883416911849393749e-02
7.202036482536597339e-02
6.643662599106031630e-02
5.703567443412156657e-02
7.360468459963169507e-02
5.653338734545426680e-02
7.415408210862439731e-02
6.689157028674330707e-02
6.617795375145402170e-02
6.802525405533575709e-02
6.230493493330475918e-02
4.764443917755267766e-02
6.632674036721604438e-02
7.271734073694491318e-02
7.077703028066323343e-02
6.926390103820961874e-02
7.057850662041383061e-02
6.856219936289488504e-02
6.835061000187002411e-02
6.807637494348035834e-02
7.038598889952332738e-02
6.899912753665729537e-02
6.625098287970943023e-02
6.899781216618096347e-02
7.463641262606061921e-02
7.033712897325009039e-02
6.817110563225259323e-02
6.105126039729052295e-02
6.283221359895439784e-02
6.846885519807968667e-02
6.954337213991931832e-02
7.041549143797620758e-02
6.978556546462011401e-02
6.886761349787227926e-02
7.109845226092248449e-02
5.536739804622632655e-02
6.344578334166485478e-02
6.965299177452284607e-02
7.025825379480664379e-02
7.737689272067545254e-02
6.967955523997690359e-02
7.050408339716732198e-02
6.971517996134424244e-02
6.909288121410429862e-02
6.876159917062568683e-02
7.160883863889935808e-02
7.083828542020648156e-02
7.378064028756826931e-02
4.370463019364980578e-02
7.057066816830291633e-02
7.018997917929975516e-02
7.030021687610095438e-02
5.819750414754369661e-02
6.618266063085004314e-02
6.991014440310409916e-02
7.060949170655964058e-02
3.330225577526957359e-02
6.530239136908262687e-02
6.300865724135706891e-02
7.052802522186971124e-02
7.228533682830089180e-02
7.048642803493498921e-02
7.029613108243813746e-02
7.567674707358942876e-02
6.114333168701049925e-02
6.032792022651305847e-02
6.000206331104061125e-02
6.965836714463363721e-02
6.106126772099570305e-02
6.595711069436854812e-02
5.269331119793886631e-02
7.051181852247848103e-02
4.763670022166160978e-02
7.047705267230519599e-02
6.953658880324167790e-02
6.439852728066881860e-02
7.687907875609131803e-02
7.109227637216139484e-02
7.045567784488236673e-02
7.016640411936457544e-02
7.133121940130605909e-02
7.113000647181046132e-02
4.868996107852230359e-02
6.785909889119824678e-02
7.034862934311773841e-02
6.933332218615530229e-02
7.031114798621201922e-02
7.049376368020909833e-02
6.783163614244409889e-02
6.253017628070839384e-02
6.728838444843505961e-02
3.901890105653315483e-02
6.910619908289314384e-02
6.776001024968571207e-02
6.551066483384861139e-02
7.359864940503023367e-02
6.941362222670625914e-02
6.307482200764757962e-02
6.643820005322501054e-02
7.046811943021273617e-02
7.043681082377291347e-02
6.646354530806232452e-02
7.090481347742430551e-02
7.143061686693055745e-02
5.043628803349069906e-02
6.476336791424572303e-02
6.977464108435546541e-02
6.887071586992429828e-02
6.807593761954472411e-02
4.688912561064179085e-02
6.297131511642516111e-02
6.092623286634012841e-02
6.802327971458541067e-02
6.831884468700276380e-02
6.903575694527067097e-02
6.488493985748118587e-02
7.143993868835177286e-02
8.330319323846165080e-02
6.973966622731922471e-02
8.109605491620891504e-02
7.038347307658723850e-02
6.784946665892560569e-02
6.882489745647250856e-02
6.843545643252821331e-02
7.024747624417651548e-02
7.005159855062294272e-02
6.259198603500756852e-02
3.211582561525035129e-02
6.916852346226558257e-02
6.720691126913874713e-02
7.077523041721248132e-02
5.879387010824090737e-02
7.057214587452344257e-02
7.134715659020351985e-02
7.018614985390105032e-02
7.205758216015435702e-02
6.981827467890643069e-02
7.344392983300813971e-02
1.855348067214288021e-02
7.158205347971365040e-02
6.652291918154737416e-02
7.489534232107872280e-02
6.701704768200782147e-02
6.972279049149432417e-02
6.827690166484026713e-02
7.108647337804409327e-02
6.923837084827214050e-02
7.022091576718841877e-02
6.965631362161474327e-02
6.996108437290161908e-02
7.297015565493859823e-02
6.704985857550932460e-02
6.405791017182120572e-02
5.358396682347141282e-02
6.997244916289993566e-02
7.112242878100638599e-02
7.009215171969325475e-02
6.875186442057024117e-02
6.986422708375122914e-02
6.688408053384459206e-02
6.590303807044452233e-02
7.583036648546752356e-02
5.999764791641543082e-02
7.232575713320935074e-02
6.899387377449223147e-02
6.972567842590444986e-02
6.742329707212123269e-02
6.917681102763016676e-02
6.693449507620354011e-02
6.756278904954703124e-02
6.158203840164858112e-02
6.969483329710822461e-02
3.918707474081388475e-02
4.671558704508732562e-02
6.763159612457166070e-02
6.788446267839597092e-02
6.111536875995839807e-02
6.668050273847958564e-02
7.390009242382253318e-02
5.086848612281528320e-02
7.705289542472058828e-02
6.063406353657724290e-02
6.995906296949669367e-02
6.981963705100049933e-02
6.911738593411984044e-02
3.930266319587236157e-02
6.722390755052222444e-02
6.870963909047865525e-02
6.829615920081483216e-02
6.460819100101314327e-02
7.391993823322903778e-02
7.623394666134006292e-02
6.508608749200925359e-02
6.117436899356608337e-02
6.588918160660313383e-02
7.416365123681496752e-02
7.117010484351148081e-02
6.173100290046783928e-02
7.308689269005451405e-02
7.080097789015589449e-02
6.926257335807553539e-02
6.571442055210127697e-02
7.704715244170305677e-02
7.086750720956104532e-02
6.845051445813261914e-02
6.703282410345409725e-02
7.357731827791773316e-02
6.688723063450670303e-02
6.252605910225528252e-02
6.971103349632212787e-02
6.664270438859348777e-02
6.857131808259227246e-02
6.936554379572799911e-02
6.547771320858289390e-02
4.634648134401782305e-02
6.692299469339785256e-02
6.776344619419810700e-02
7.713131137340660526e-02
6.757834708693603865e-02
7.000350107683209200e-02
7.082589615275054762e-02
5.856881904022098739e-02
7.048620040705569356e-02
7.396875389341386886e-02
5.814199161738799887e-02
7.035634230606198358e-02
7.442070952362132841e-02
6.738751846666096723e-02
6.923239364523545158e-02
6.942765887824503546e-02
4.400974911138886420e-02
6.979357299535177139e-02
6.177570793699201784e-02
7.116372149981980977e-02
7.277629363878247715e-02
5.769114573703536947e-02
6.485147215345975213e-02
7.050787300644731359e-02
6.695404269313574852e-02
6.308419459003783425e-02
6.934584094654494546e-02
5.987943009068984884e-02
6.598432443048635188e-02
7.128707777998212480e-02
6.648778577258367128e-02
7.422975976439069590e-02
7.131378952231200163e-02
6.874037139955081754e-02
6.756380947866935660e-02
6.481150114100123205e-02
7.031682692747862062e-02
7.035682178089255889e-02
6.943254237713408772e-02
6.465905207917749253e-02
7.305945800879203034e-02
6.982083187768706178e-02
6.793751577518596096e-02
6.198833891655151224e-02
6.960737053575931366e-02
7.305800706603485239e-02
6.165849304061683106e-02
6.414798691557395405e-02
6.996868627321729817e-02
5.976046940709083682e-02
6.881331660950709694e-02
5.639947678253871138e-02
6.461790881687624888e-02
7.015932450117487451e-02
7.013722415371004271e-02
7.053944633640016337e-02
6.984736068045527269e-02
7.118861345355458059e-02
6.901106693919083213e-02
5.101358265068831055e-02
7.067275422801719276e-02
4.425722863825158615e-02
6.994051395104114444e-02
5.641822114371136676e-02
6.975712616451772152e-02
7.036843572955649162e-02
7.694733269920982222e-02
6.599876132660799366e-02
7.092434249169884963e-02
7.026728696841623434e-02
7.300451842306662775e-02
6.767942876027488452e-02
5.017925729460272904e-02
6.998063373805754606e-02
5.901367847852925785e-02
7.125280456604489443e-02
7.177105568341130004e-02
7.305325750407980212e-02
5.128696097459266301e-02
7.266920149676098228e-02
7.025319755163042523e-02
6.759291391435182095e-02
7.327288267635528873e-02
6.669298142445456712e-02
5.605435924143122028e-02
7.581050250218344944e-02
7.038680347355867617e-02
7.575873529151168351e-02
7.006582495309862657e-02
6.990777680608520339e-02
4.868090690184979918e-02
6.517228353283716080e-02
6.971873816880520824e-02
6.761313755820985705e-02
6.920104744421076703e-02
7.306761281955687082e-02
7.053445695597689025e-02
6.357366057266483628e-02
6.806022950871890020e-02
6.301202939109216972e-02
6.972389211297418121e-02
6.936263189304986421e-02
7.649086970827483067e-02
6.677306317589574991e-02
7.518942551506341276e-02
3.032081774283440848e-02
7.212106066883353095e-02
6.219576960882119976e-02
7.079813031900317188e-02
7.326201397292619877e-02
6.996417667768052573e-02
7.631293726160012780e-02
6.737938706973951863e-02
5.637593140195452934e-02
6.635260112538687860e-02
6.870081172257401503e-02
7.334491890683843274e-02
6.542116701060374240e-02
6.886322107363325451e-02
7.040198371762046436e-02
7.062621327366729040e-02
6.197507636597876512e-02
7.544987002742721549e-02
7.019940235330990319e-02
7.020552610942598637e-02
6.882475691394394912e-02
5.955502896088919057e-02
6.938720102181200611e-02
6.782748012267582338e-02
6.123430176936740105e-02
7.897859431580563083e-02
7.061044256069216873e-02
6.889724376434369635e-02
6.855715143355257946e-02
5.725320513133295292e-02
6.593841065920523492e-02
6.612496116270415170e-02
7.613856563909329744e-02
7.454135886176009584e-02
6.588087519537524916e-02
7.066110930487658204e-02
7.482046314313083035e-02
6.183300532263034249e-02
6.972413673694988212e-02
7.065717530499682209e-02
6.668844445426017065e-02
7.308869725104721882e-02
6.877678017161741042e-02
6.581025314706646923e-02
6.745362446906789933e-02
7.269028195208722398e-02
6.191302970625844893e-02
1.809464857998797568e-02
7.035561963105324557e-02
6.872359618970748374e-02
6.426540465020659509e-02
7.044247239381874748e-02
6.791688444952605208e-02
6.183834915665668147e-02
6.305709737269023230e-02
6.753072250106346985e-02
5.968374868882856538e-02
5.433565127643887049e-02
6.991220840136339043e-02
7.163489823615400154e-02
6.919685212495672866e-02
6.913033614750692391e-02
6.984588951701163617e-02
6.879333126261651110e-02
6.925727259293948390e-02
5.602418052572233353e-02
7.107259638341191510e-02
7.128293549997119505e-02
7.147593523651159242e-02
7.177703197630348753e-02
7.056411350070825039e-02
6.972628513785560089e-02
6.779240588828426561e-02
5.782753537737456845e-02
6.931574347837674011e-02
6.631625381712213940e-02
6.322629788051759014e-02
6.898885243579604143e-02
6.979350201454526115e-02
7.211618321044893642e-02
7.489731432907412167e-02
7.088923787978847202e-02
6.226528129438949066e-02
6.010942451875455478e-02
6.833594081634737638e-02
6.933943160342595502e-02
5.531659261890041479e-02
7.020147259741579826e-02
6.835533343796487693e-02
7.151790792431489407e-02
6.320527172184706166e-02
6.968853760154661292e-02
5.760250445529222635e-02
7.254557964450658591e-02
5.458282023991567478e-02
6.979563852405147595e-02
7.609721734317689834e-02
7.022440806225535570e-02
6.188160795193297509e-02
6.692224972300037100e-02
5.542076004228477237e-02
5.900391168910886636e-02
6.022554528351378722e-02
6.602048570070576106e-02
6.810667679289565679e-02
5.789523858105952159e-02
7.180270257909809883e-02
6.904860332895973452e-02
6.350400077128841303e-02
7.094931237099673382e-02
6.870457201281453263e-02
6.563114669249962840e-02
7.017901752543934113e-02
7.065872262503071488e-02
7.035517251309218734e-02
6.457668569103254541e-02
6.751570153574706912e-02
5.615413687493028827e-02
6.276652126489577765e-02
6.222094635898855336e-02
6.988960473903384207e-02
3.688102155779806463e-02
7.227734377493011397e-02
7.286127743701434345e-02
5.215684799416410444e-02
5.968620085906641698e-02
7.082685101051539034e-02
7.035676312653416087e-02
6.015741041886124574e-02
7.331360022537622423e-02
6.574769714094692852e-02
6.905883252405853323e-02
7.011159637665304034e-02
7.200610135204099649e-02
6.927373766581823578e-02
7.066514576890609023e-02
6.731932395574843908e-02
5.803340152666461998e-02
6.557152143061120708e-02
6.704353766048702645e-02
7.042147864121346690e-02
6.980253479293296870e-02
6.781841146265460418e-02
6.848524818381532264e-02
7.111614605872450257e-02
7.227211575630186624e-02
6.674895634949810919e-02
6.836787972945680691e-02
5.928832196170256974e-02
6.088784733758010465e-02
7.564647579423619539e-02
7.393655508052510150e-02
4.514491433241035051e-02
6.969391901817566237e-02
6.850760718804224658e-02
7.030497367165092215e-02
6.761763700675382793e-02
5.195434263745254966e-02
6.828992426428152906e-02
6.989224464345823729e-02
6.486344230105173247e-02
6.024243198018857520e-02
7.042783552174110284e-02
6.309445575141030271e-02
2.960234908051736363e-02
3.740369068092248145e-02
6.770469310096539906e-02
7.154534688615508953e-02
6.803491228914229638e-02
6.664464715051471311e-02
6.947736270262000469e-02
6.485108313694093463e-02
7.057410310426787126e-02
6.406252147518029516e-02
6.983665346774400873e-02
7.006526786464996326e-02
6.586553928389018986e-02
7.182555311588602331e-02
6.775338957179062593e-02
6.387876936167165287e-02
6.857959402866677101e-02
6.970620298664288728e-02
6.710455021709246792e-02
7.125693634312489644e-02
6.009049640505092355e-02
7.838892776780524707e-02
7.684816207692116152e-02
7.046286847614653681e-02
6.648430692290724364e-02
6.986372900778439754e-02
6.987375983753367492e-02
6.600728318433646269e-02
7.382752203534902191e-02
6.802495174993929139e-02
7.054670623510206351e-02
6.035977052734883830e-02
7.352989774674856260e-02
7.304467119002526487e-02
6.678451432660199860e-02
5.155297063482695147e-02
2.561063113247995932e-02
6.922431600199492607e-02
5.803062585856600536e-02
7.039036457618622067e-02
7.019998635765627160e-02
6.739286461962237795e-02
7.017775624317151850e-02
6.717681374458865651e-02
6.351262341570750036e-02
6.885582494170425227e-02
7.210783024518094275e-02
6.108022676900017739e-02
6.811006228845672972e-02
6.605415872870255833e-02
4.355200448315509065e-02
7.042119936711045691e-02
6.964359658584763635e-02
6.395600938462596419e-02
7.379172029102554209e-02
6.795193727446681431e-02
6.709290855052701952e-02
6.952105272862740826e-02
6.557943310918852575e-02
6.899211139531029324e-02
6.833338019299037280e-02
5.967343628998311028e-02
7.018492395748496260e-02
6.013190756103533458e-02
5.932664374749408581e-02
7.015475267425946848e-02
6.810290798198817552e-02
4.149495973793222714e-02
7.312716811146711959e-02
6.600436862732748933e-02
6.941781087652612592e-02
6.873806683847211163e-02
5.403923925151002394e-02
6.915735427950008007e-02
7.211465728575737477e-02
7.049931038491852320e-02
6.820304457688106115e-02
6.195816080791551744e-02
7.043572449811896785e-02
6.825520746024248131e-02
6.767521988183718140e-02
7.031780908684817644e-02
7.465746250778000637e-02
6.923324418186875551e-02
7.079820235449342525e-02
6.880133920169395623e-02
7.476427358774498377e-02
6.980724553240914843e-02
6.948033848909322685e-02
6.983745587931011745e-02
6.457013623172021266e-02
6.959908593543857880e-02
7.031252835761725439e-02
6.350441728286078391e-02
6.990372123971787255e-02
5.421739180084847454e-02
7.201824501697251524e-02
6.994488570714756104e-02
6.581269968279004901e-02
5.695349439853389373e-02
6.766238915768288398e-02
2.737238983244323284e-02
6.367091392048798704e-02
7.048617425649135459e-02
7.235845976061476559e-02
6.471952972222480560e-02
6.836473786797214736e-02
5.827417257188394206e-02
1.905100614615595073e-02
5.517886170829887360e-02
7.247878120402968805e-02
7.065771722994847182e-02
7.006324820851850266e-02
6.952772735068751819e-02
6.996865811367448951e-02
7.064773799710100111e-02
6.753110621458437157e-02
6.967837458854279908e-02
6.121315714859683343e-02
6.924527163014952691e-02
