1.412429936725699033e-02
1.206990434335758478e-02
2.883996143635435619e-02
3.005205475838564066e-02
1.848392597263368020e-02
1.837305877460311890e-02
1.740690096039872181e-02
1.157635227764455127e-02
1.448962139944673377e-02
1.146912999550644095e-02
1.489740270040953302e-02
1.413313802721298876e-02
1.207037881821997928e-02
1.448996665891724191e-02
1.770143171374219046e-02
1.344492013137196448e-02
2.138217847099231281e-02
1.180759824596269887e-02
1.216086511439068950e-02
1.421076156640776848e-02
1.758371270379211967e-02
1.163346048938990011e-02
1.170692397929771686e-02
1.304968690203067889e-02
1.252150039115694849e-02
1.660521579540493592e-02
1.636637285473971706e-02
1.418213730754930638e-02
1.663467368953381806e-02
1.159737043409196991e-02
1.070120992517149122e-02
2.967715485596211789e-02
1.446930066923672771e-02
1.498744345533182393e-02
1.230247043012528026e-02
1.275526295269648926e-02
1.107397117175227402e-02
1.176066332610241696e-02
2.038495456144771151e-02
1.746607123792061345e-02
1.577830241414349480e-02
1.243359833464145574e-02
1.249314578785773108e-02
1.415030799808425499e-02
1.474378884366719933e-02
1.434956372907248735e-02
1.467375291591405291e-02
1.348491821903939278e-02
1.799703826031199064e-02
1.923256340970198874e-02
2.284718253489661718e-02
1.242085905375113486e-02
9.213104498961543695e-03
1.654137444924858036e-02
1.278296664888575393e-02
1.311044088597561330e-02
1.424857699604651501e-02
1.253352162488542872e-02
1.600304878910835740e-02
1.912447142909978748e-02
3.157333797320063806e-02
1.102005397270595065e-02
1.426938451946981219e-02
1.294214435072847495e-02
1.363913783271480419e-02
1.402964606454135989e-02
1.218779115569434447e-02
1.342763226862490888e-02
1.198105226666522881e-02
1.648597774199613702e-02
1.293426628257118675e-02
1.612384773463197696e-02
1.165780935774545467e-02
1.436466621823263845e-02
1.308829935270493933e-02
1.307988787072267116e-02
1.397233032722097930e-02
1.129251613331809338e-02
1.278799831622715912e-02
1.090402201199796618e-02
1.558883862272757333e-02
1.157270377590153242e-02
1.318184942601420204e-02
2.102761614940077545e-02
1.238083570426795794e-02
1.959666490389518068e-02
1.488557818501941993e-02
1.262038112534140562e-02
1.349857972709138029e-02
1.142932494113926833e-02
1.333618664916173639e-02
2.083830692896576284e-02
1.430484467522031948e-02
1.206245677626769340e-02
1.312543250561253906e-02
1.332598726437732480e-02
1.246750824500909328e-02
1.551668436527414187e-02
1.003523307221187641e-02
1.820312173964263799e-02
2.060235723042244324e-02
3.587107381754756075e-02
1.536351600731416557e-02
2.618645682843498412e-02
2.775018490042367725e-02
1.233407197402585330e-02
1.738183102144943287e-02
1.278014786972525053e-02
2.111325848625741908e-02
1.242516111050114176e-02
1.366093090736054082e-02
1.393350037563228193e-02
1.409221345862582929e-02
1.441702609612476732e-02
2.298446710162379072e-02
1.231757982488338246e-02
1.333836784044666567e-02
1.366909829591627518e-02
1.382914613753080668e-02
1.684804717020032747e-02
3.014028555046681032e-02
1.432580531586506549e-02
2.013292518466138978e-02
1.201533616982989466e-02
1.241529188645495822e-02
1.306181172338421494e-02
1.229139385397259691e-02
1.206891460943838867e-02
1.844582589024810343e-02
1.040587716101822394e-02
1.325051753938459413e-02
1.319745197664508318e-02
1.392401008702396151e-02
1.198042176585944509e-02
1.228613990736123623e-02
1.250888451883461899e-02
1.384208734040171321e-02
1.250086142794494017e-02
1.683693515778003288e-02
1.421896473396349822e-02
1.335089348715501854e-02
1.150160140638123787e-02
1.650934997729833209e-02
1.262165277911696422e-02
1.314326017343062265e-02
1.726036684171841640e-02
1.246200561344193262e-02
1.220941883113357655e-02
1.257097444262030538e-02
1.250431225442892591e-02
1.211799558403625458e-02
1.293123333867031259e-02
1.090987819469231221e-02
1.323954842881954787e-02
1.881014065735155463e-02
1.312184114693838548e-02
1.368257094521142456e-02
1.208624283046564642e-02
4.092498190981754685e-02
2.608672539745500105e-02
1.197538746063555107e-02
1.604030471134046051e-02
1.759517071396873161e-02
2.206655488421622666e-02
1.228225615603725264e-02
1.521940000314083059e-02
1.431011784471464612e-02
1.071093461078207257e-02
1.396455996143598777e-02
1.148594434185538742e-02
1.271281282865310835e-02
1.359952618121950882e-02
1.327042500648061181e-02
1.285734463960988734e-02
2.128092452481398708e-02
1.358932637414209457e-02
1.278319724493329722e-02
2.058216299921931600e-02
2.321115960191491231e-02
1.661447655920660071e-02
1.360281584672825943e-02
1.455196759526917669e-02
1.488746960122595137e-02
2.945492676490225892e-02
1.574635633488413039e-02
1.585034845834180223e-02
1.656915175169658763e-02
1.407432110173172969e-02
1.395077177422027193e-02
1.844984761629345910e-02
1.670656062235370554e-02
1.334999368391198531e-02
1.185934463339718276e-02
2.005987641664143048e-02
1.556137805185723796e-02
1.083518958352988788e-02
1.271721258311792231e-02
1.314875544481609176e-02
1.243035093587219891e-02
1.128718447721029257e-02
1.427263269264509270e-02
1.244394061944593954e-02
1.126959434007298276e-02
1.116662772260582602e-02
1.159239497152713197e-02
1.271657608712482151e-02
1.547822358703034896e-02
1.262503755941800365e-02
1.206014281428031444e-02
1.096318624452267444e-02
2.274145400376676937e-02
1.677322027970222507e-02
1.320663749883750453e-02
1.256863520768441121e-02
1.684214516501016806e-02
2.630416681907860738e-02
1.300970583323731236e-02
1.261632593105967669e-02
1.317148002072045590e-02
1.781587077708974079e-02
1.519697081568280664e-02
2.932885137080200669e-02
1.230744504622581677e-02
1.340474096583150164e-02
2.015939124353948592e-02
1.311834840016650253e-02
1.344417101275306725e-02
1.287002968596065965e-02
1.302115385472478112e-02
1.673698540864353851e-02
1.344001054191238352e-02
1.461226058825740477e-02
1.142627813198142037e-02
1.294523881511271124e-02
1.381156439656501707e-02
1.486587629299606673e-02
1.172962063096335758e-02
4.550597736496051621e-02
1.391854669371072988e-02
1.562203636403494689e-02
1.772454131520646153e-02
1.305006649489617865e-02
1.251160479034042067e-02
2.615083270963164744e-02
1.257088836676885195e-02
1.262758985200416670e-02
2.407569963364069449e-02
1.618170788497439241e-02
2.161996716492210063e-02
1.485450488077784577e-02
1.414213608391919237e-02
1.252588550611237993e-02
3.344675470678695750e-02
1.859488115960069785e-02
1.273686810745466684e-02
1.673161499782115091e-02
1.217757558429917973e-02
2.883826152454521327e-02
1.364210255494227239e-02
2.836634628489192664e-02
1.766501862699244169e-02
2.144474305298731120e-02
1.089060295598868501e-02
1.198741884161169322e-02
1.324163735108705754e-02
1.444138967711183948e-02
1.260112151832572247e-02
1.132115956879484880e-02
1.575706355155759644e-02
1.234285769383491015e-02
1.075299710474920088e-02
1.070266985755141155e-02
1.122141125350180173e-02
1.980977186089609432e-02
1.123802026918391261e-02
1.241878485051997605e-02
1.638466196938118472e-02
1.124165029180012286e-02
1.319855436193468137e-02
1.117739401722488667e-02
1.270046671356244057e-02
1.272219516409180302e-02
1.173028756380572329e-02
1.312790761798592401e-02
1.304248758415076613e-02
1.668190287763966773e-02
1.200392058073186836e-02
1.242761857798915792e-02
1.479226131955119899e-02
1.041868586911501825e-02
1.312136510813455628e-02
1.458532067813124618e-02
1.101008402832478854e-02
1.277832539783079618e-02
1.369737453922084333e-02
1.329724560952169968e-02
1.287727670826676989e-02
1.489334393593275477e-02
1.509924407387753381e-02
1.323393220453500385e-02
1.331019155850390184e-02
2.366383615762788703e-02
1.254128367219879692e-02
1.558992176521223523e-02
1.270217478186630965e-02
1.234554067942517618e-02
2.950407570085627346e-02
1.953843082901007139e-02
1.385653323247259053e-02
1.571884875175106819e-02
1.850893945090476694e-02
1.490463543618506144e-02
1.174913855830347735e-02
1.056417675923376071e-02
1.165505607784473284e-02
1.255731028504226271e-02
1.103033946647032776e-02
2.458388428540762838e-02
1.412788394344027289e-02
1.563727334597622351e-02
1.722422182463369603e-02
1.803863371150396175e-02
1.519739548976489774e-02
2.245680794170479624e-02
1.478803867669360381e-02
1.386821573736190562e-02
2.294317720544860467e-02
1.410861816753849161e-02
9.742801176873401928e-03
1.573413072395900281e-02
1.161249457992771274e-02
1.197923009300887187e-02
1.284108026811427682e-02
1.277983913183466935e-02
1.470447241205951813e-02
1.413661886060722794e-02
1.226415813234988175e-02
1.486534809222884307e-02
1.545032837154910500e-02
1.230259219074074893e-02
1.406693948755154827e-02
1.471547053011470867e-02
1.611525918385802586e-02
1.329174834067954440e-02
1.440433677433208305e-02
1.333561430181181423e-02
1.292085620521912954e-02
1.246560310111278699e-02
1.505132375969490954e-02
1.145502564916781388e-02
1.237253554643957289e-02
1.207361585719291149e-02
1.473853536574006723e-02
1.465406242092163504e-02
1.258912196681004000e-02
1.972069176211883532e-02
1.447191011496760764e-02
1.299231090482642903e-02
1.250128316654838291e-02
1.525367710351909281e-02
1.273972156131751403e-02
1.248741441907353332e-02
1.146146192881520448e-02
1.173164148425843295e-02
1.181356211388128602e-02
1.248160189366383580e-02
1.706799585734451730e-02
2.473709778574965587e-02
1.275617680145915353e-02
1.286015291373337685e-02
1.500109063179893426e-02
1.265808147829587497e-02
2.171624600405842181e-02
1.213303464627562937e-02
1.561822577739164532e-02
1.389804999846555415e-02
1.535585321834203633e-02
1.264894755807571304e-02
1.098072281594859520e-02
1.267171418052591599e-02
1.307855699380619345e-02
1.258279996125023087e-02
1.303597180993865991e-02
1.109225862099807829e-02
1.147232311128075152e-02
1.315817774486669270e-02
1.481168638798267302e-02
1.391753183997317470e-02
1.465426783945202732e-02
1.664759853163323353e-02
1.209587970863150452e-02
1.232720172395577150e-02
1.591855780203323134e-02
1.446374828815585357e-02
1.244502455954197249e-02
1.505682524783227318e-02
1.962622220856802616e-02
1.408840350862901325e-02
1.601734457694612909e-02
1.338092843543726811e-02
1.247028886335384452e-02
1.248174935193248347e-02
1.704197167186442124e-02
1.177764401712480362e-02
1.334865900419797587e-02
1.289189546216309296e-02
1.259156529025932600e-02
1.391218797997080016e-02
1.997884553196131383e-02
1.276083450696138995e-02
1.715929162346852693e-02
1.203660682737097733e-02
1.279265804329164473e-02
1.484693824772146016e-02
1.192414099306991423e-02
1.977775545656754175e-02
1.304688371798039606e-02
2.254012173784686324e-02
1.226014996893376105e-02
4.697995381733521131e-02
1.527855182723741358e-02
2.723274614878061148e-02
1.485889290887121815e-02
1.325958612511430983e-02
1.288160011364520782e-02
2.336361152328930713e-02
1.166743880030834089e-02
1.263377857361758227e-02
1.132012370507299442e-02
1.277687834629619504e-02
1.258113582931863657e-02
1.209465412143560098e-02
1.693868864299072352e-02
1.011798232430308545e-02
1.259963585525491689e-02
1.174278790591217966e-02
1.512626795971190770e-02
1.236463618195203680e-02
1.909411611377803339e-02
1.330299263029299968e-02
1.339492241329422705e-02
1.056487754897665610e-02
1.525478888036955159e-02
1.391693762207221567e-02
1.432489459858293963e-02
1.789606295461888819e-02
1.588508455664980681e-02
1.738358014928533327e-02
1.484792830824554002e-02
2.077339111758742113e-02
1.128289400660805603e-02
1.232149036414925160e-02
1.292579144989853407e-02
1.374676222717399927e-02
1.368515054511191230e-02
1.245001974854134490e-02
2.269622429058748905e-02
1.332044872729240895e-02
1.566687778465128411e-02
1.406443013691164624e-02
1.340474713659168746e-02
1.329774887881452275e-02
1.322246010370134450e-02
1.221937164837115508e-02
1.166547184802020631e-02
1.271607796482948638e-02
1.657418091889922493e-02
1.357904444834566460e-02
1.266270250185659411e-02
1.337626123624504997e-02
2.590057313020380225e-02
1.470347698838173761e-02
1.140728659188073625e-02
1.349452545003250979e-02
1.983581300757278690e-02
1.236424960834712518e-02
1.256304310639076889e-02
1.341751079296571794e-02
1.705102174006054017e-02
1.769961820858206858e-02
1.505378129540371063e-02
1.277727155375664794e-02
1.233374345254568440e-02
1.483367332045087104e-02
2.068160859967330817e-02
1.601826690317779966e-02
1.879766182884463552e-02
1.617465210549321603e-02
1.283781178278761877e-02
1.265092912193160543e-02
1.195439716249310433e-02
2.027209039470300247e-02
1.498782784217002860e-02
1.884522296235312602e-02
1.152446578376600111e-02
9.909075100011457277e-03
1.407617050073720240e-02
1.309963825265919417e-02
1.460382243410154011e-02
1.119349996200847200e-02
1.812758718449062126e-02
1.657933137041986763e-02
1.158968851844116750e-02
1.358603774321785231e-02
1.300388430028494302e-02
1.212113507492546677e-02
1.413283352808035291e-02
1.386749110467255797e-02
1.066689158791799333e-02
1.263132288851574400e-02
1.369078465610018905e-02
1.133927018683099537e-02
1.792589331304549061e-02
1.291218821856021659e-02
1.176902124933690112e-02
1.539635625332404049e-02
1.588749522856031798e-02
1.327819857936527598e-02
1.336455830209337323e-02
1.703804719907780693e-02
2.361076866277145650e-02
1.375018199298240658e-02
2.441894416481150965e-02
1.348904474907696056e-02
1.007625104719796216e-02
1.320682129451243580e-02
1.262493328598201202e-02
1.359270468482100085e-02
1.422062921327843510e-02
1.447864410100549275e-02
1.815943389515412357e-02
1.348531217960107116e-02
1.455843792366961521e-02
1.215648249472877675e-02
1.603289195813688284e-02
1.298710514896099684e-02
1.424699568664786198e-02
1.196442612400315693e-02
1.512566701019248984e-02
1.162878360545138885e-02
1.477560041505480634e-02
1.627165451108141675e-02
1.090867529325010785e-02
1.327441855947941902e-02
1.184672763501922084e-02
1.317382189269198332e-02
1.372508700557085667e-02
1.218131111515056986e-02
1.756674770157671747e-02
2.880236204803306860e-02
1.577275417734238031e-02
1.063008257113450504e-02
1.866661988093639216e-02
2.324108222125627690e-02
1.270047325664165616e-02
1.252477678156102038e-02
2.325954528337435823e-02
1.052695899987826124e-02
1.642614766395517067e-02
1.271165783739013760e-02
1.082226919673000103e-02
1.236203384353051424e-02
1.427473757346745149e-02
1.378306080623107124e-02
1.387312111057459156e-02
1.268129484385283751e-02
1.248973237610274956e-02
1.308383094657752758e-02
1.166926692403399794e-02
1.588090177277036788e-02
1.655660982420621014e-02
1.922524950499912219e-02
1.210375673420186447e-02
1.298881805017005828e-02
1.089171771665445668e-02
1.950597330233241541e-02
1.335860162249985841e-02
1.288156585956846435e-02
1.189985378488810086e-02
1.125380933064607826e-02
3.352364093630687963e-02
1.263754695167252501e-02
1.465797504937403802e-02
1.189847205166233955e-02
1.793353905801586129e-02
1.291570512167041981e-02
1.499408204153285760e-02
1.291722708456407437e-02
1.078552458989909778e-02
1.387954142964348964e-02
1.690379895950623254e-02
1.444714790261537006e-02
2.031068632058437295e-02
1.116378066128675788e-02
1.201512791434200707e-02
2.305406028765739912e-02
2.284891213867331142e-02
1.439230558387033856e-02
1.882526186825757286e-02
1.257327049789239669e-02
2.180431265214446274e-02
1.867850867117381436e-02
1.545200994492085950e-02
1.309108449103398714e-02
1.512417602086268444e-02
1.189906528562571612e-02
2.390202753358448146e-02
1.270907217981901566e-02
1.276867389878532169e-02
1.228106800511763463e-02
1.581680752180270044e-02
1.260389392607674623e-02
1.330388992621179406e-02
1.313445778249409251e-02
1.878443152229435434e-02
1.532465024083236663e-02
1.344700209798323221e-02
1.231320980061708856e-02
1.320332879683909152e-02
2.452952296537365406e-02
2.598054768708211656e-02
1.310423336102232821e-02
1.777719601468437730e-02
1.693379847502946012e-02
1.150592456061553040e-02
1.230472386044451950e-02
1.151873545942432714e-02
2.022396300005216419e-02
1.125335564380104854e-02
1.949275688161430584e-02
1.199846335016948977e-02
1.330755589498361369e-02
1.600806235313313730e-02
1.860219956607428102e-02
1.028080540666647183e-02
1.090872555429183745e-02
1.327626013511011560e-02
1.223336587067151357e-02
1.341612716135347910e-02
1.346446769918143750e-02
1.521539240343899695e-02
2.830526456169205063e-02
4.351144749011712221e-02
1.374992439612020972e-02
1.838820314823017346e-02
1.140253492113409498e-02
2.141088647526231958e-02
1.729738317401133957e-02
1.963701288947150569e-02
1.632795521648417944e-02
1.291751929744349922e-02
1.629468862550974631e-02
1.889077796919122823e-02
1.114067834300085970e-02
1.490810328131544731e-02
1.888818243844837819e-02
1.288743146461016065e-02
1.872019799592255021e-02
2.059317735239964836e-02
1.190688236204730764e-02
1.506255297366552483e-02
1.056644804091181125e-02
1.253668925608909107e-02
1.383737089126136494e-02
1.308256841638203403e-02
1.779653651696433414e-02
1.782433042408316029e-02
1.273712735034630318e-02
1.304587876880680848e-02
1.078460461275093825e-02
1.894903720517894866e-02
1.177537774825510031e-02
1.342662499534861935e-02
1.688683376007948239e-02
1.371614752609960457e-02
1.323195048952800074e-02
1.382912067445399296e-02
1.205935875571220728e-02
1.206423113713934840e-02
1.401416906037754317e-02
1.295690917135333686e-02
1.672364655434149458e-02
2.362461049799258195e-02
1.409737023265551087e-02
1.863703075786805191e-02
1.502175930174333082e-02
1.047306305357787078e-02
1.237841811846507843e-02
1.746924640277682308e-02
1.704553289822104134e-02
1.485437788322354312e-02
4.100737581061813380e-02
1.166749939565507772e-02
1.085139714580212605e-02
1.381217130807245626e-02
1.285832279615004535e-02
1.258343967270145365e-02
1.208588651772468658e-02
1.642329853933795214e-02
1.297605133516528501e-02
1.263999120458752547e-02
1.844609600263584157e-02
2.214428127198002708e-02
1.816194943178515639e-02
1.399821469385070100e-02
1.280835349884631817e-02
2.418340058577129331e-02
1.146424706074324062e-02
1.116840708643720287e-02
1.652601960001431197e-02
1.389024136418853285e-02
1.418972414206994687e-02
1.084337776292549835e-02
1.407032623062538963e-02
1.241031566135143184e-02
1.282118388244574483e-02
1.263841343818877458e-02
1.913052626329959580e-02
1.198462495370138103e-02
1.250126590095175343e-02
1.080469715137486429e-02
1.190031637313258145e-02
1.558468100269285936e-02
1.341160278686900215e-02
1.390302352568550254e-02
1.225065976135555380e-02
1.920489248657834477e-02
1.347087843086786606e-02
1.587814505876376445e-02
1.485237574954663929e-02
1.514266790073445432e-02
1.268110920741076335e-02
1.252010491316000486e-02
1.410288202709849593e-02
1.133684630385297515e-02
1.405986602344194529e-02
2.053333550020216072e-02
1.587122765267368410e-02
1.173237775227850034e-02
1.560077439284193908e-02
1.705781299077484270e-02
1.184626218881283492e-02
1.193937412248644893e-02
1.249337119327406306e-02
1.515353415374705477e-02
1.476405825810189580e-02
1.189839366193884765e-02
1.883450420696070049e-02
1.313002858739301289e-02
2.959078456766634987e-02
1.332696659404773547e-02
1.468127221903994112e-02
1.278376934002844502e-02
1.550295527932847063e-02
1.077572342092692100e-02
1.127754291990875832e-02
1.272893190570762410e-02
1.211357256354305550e-02
2.053771052904581479e-02
1.295604248172503754e-02
2.368632763744652966e-02
1.136084384688617645e-02
9.918351892861665409e-03
2.144385317593295801e-02
1.768583450690781184e-02
1.235703075722638031e-02
1.303493307675974815e-02
1.833406714088106973e-02
1.045157116773245617e-02
1.133023248562589798e-02
1.652419034429144715e-02
2.807356469094498749e-02
1.263135776022422142e-02
1.372800154295242617e-02
1.247850053502163811e-02
1.302505575618544478e-02
1.173980392975036181e-02
3.248564929046685729e-02
1.259047949712800013e-02
1.318237058472782747e-02
1.251596319785863200e-02
1.517578059532839405e-02
1.169442655781650388e-02
2.057672201881255089e-02
1.270687563475265958e-02
1.397210759801454857e-02
1.302472464689622203e-02
1.413112238336273162e-02
2.007425575710664739e-02
1.213984818644831681e-02
1.270556713321994990e-02
1.370020365642746381e-02
1.303343758692075346e-02
1.239929467240466487e-02
1.347671237781812754e-02
1.251753361396045795e-02
1.549866929434333233e-02
1.283654205230004564e-02
1.304242110106633955e-02
1.149712388527540999e-02
1.111917256014528961e-02
1.188886029652391242e-02
2.110463246427181361e-02
1.273421883373026392e-02
1.135378623682247595e-02
1.259899685241006213e-02
1.321972984534914783e-02
1.265112979778814511e-02
1.289101731974592185e-02
2.147176556345407883e-02
1.394845463311045371e-02
1.207364136349789625e-02
1.271297769390221377e-02
1.172929308603300885e-02
1.417332125600256378e-02
1.517844264635879147e-02
1.271269388530703662e-02
1.367939018117398167e-02
1.418333280729976165e-02
2.044024865768188925e-02
1.375287034125153955e-02
1.466652519824638255e-02
1.263382418311208115e-02
1.198045280315527573e-02
1.543712765417251491e-02
1.104568030685522916e-02
3.150309229570496389e-02
1.141199728113726983e-02
1.442087969992335815e-02
4.322454483315143342e-02
1.065787834145334907e-02
1.264630372320638130e-02
1.056515308242563650e-02
1.239406919938484432e-02
2.010574505079450180e-02
1.224562253052924495e-02
2.114775656178539617e-02
2.193153160662129203e-02
1.525358846880457524e-02
1.446239428461504849e-02
1.511234016449958251e-02
1.148394222593914112e-02
1.279337396555277166e-02
1.255461185161371729e-02
1.260660771988376082e-02
1.262691393229947029e-02
1.312672617045530614e-02
3.480776517287836186e-02
1.292062467829596661e-02
1.097390880875035064e-02
1.206792212935941383e-02
1.568103939605241734e-02
1.199790700014036031e-02
1.401340646831878735e-02
1.196707722552415448e-02
1.350796867170172416e-02
1.294777573040295678e-02
1.229975188205611504e-02
1.041124627964642307e-02
1.422763087163494283e-02
1.594150678099021806e-02
1.323869325879347206e-02
1.285407925438071010e-02
2.119200866819850523e-02
1.242648621657034894e-02
1.281060564470065839e-02
1.174533557922293782e-02
1.507308578773350165e-02
1.635956113264253053e-02
1.589152648131236106e-02
2.448024828460959590e-02
1.233078681654185826e-02
1.828144308856377576e-02
2.200408555108952779e-02
1.406754800840168476e-02
1.530306635191549212e-02
1.171352713549183265e-02
1.462557521064724274e-02
1.287290291545527612e-02
1.754295050678603488e-02
1.286825202715282182e-02
1.141445570183807594e-02
1.297980712567651379e-02
1.273975704536863332e-02
1.211976913671026362e-02
1.370237976672519439e-02
1.257238326147314990e-02
2.706300725404257868e-02
1.275708873501875396e-02
1.365994546778991764e-02
1.261367500091400799e-02
1.366029224665176248e-02
1.429097965376046643e-02
2.480045949024272528e-02
1.733406856066331547e-02
1.460477609378918636e-02
2.129160104668053471e-02
1.181691912794803449e-02
1.245450081101200437e-02
1.324408808163508519e-02
1.261246745661310717e-02
1.603055331635023020e-02
1.197880097944160546e-02
1.199985045091080463e-02
2.381327155080686930e-02
2.386270838784860723e-02
1.223447124307213037e-02
1.209507855621321654e-02
2.169614814990349777e-02
1.088092233491376806e-02
1.327904687670776809e-02
1.246944174951206304e-02
1.218377530047653860e-02
1.355980272052108998e-02
1.490042440244740418e-02
1.624713409010640139e-02
2.798903757355412567e-02
1.321787059408008162e-02
1.399157156435508649e-02
1.242172656278226622e-02
1.667678872795919087e-02
1.811161695702396407e-02
1.128944421134911620e-02
1.259302881481341556e-02
1.871356876167975733e-02
1.459255739415350056e-02
1.314364370509633027e-02
1.190919928743590199e-02
9.457980974756287351e-03
1.729247876355173227e-02
1.622865373236705849e-02
1.668342864684080676e-02
1.842680312168713808e-02
1.399320833863091848e-02
1.538106024046138019e-02
1.478961669747006803e-02
1.141844731130980950e-02
1.208425171718784455e-02
1.083203879650572639e-02
1.552851825164600422e-02
1.230063515923008992e-02
1.279474313034614091e-02
1.502485170922396307e-02
1.341592604980041195e-02
1.265445069353908492e-02
2.394005821287941913e-02
2.489874030902125557e-02
1.409913477692460899e-02
1.569275541930896176e-02
1.269821316178570796e-02
1.367121968409972139e-02
2.007109763093568172e-02
1.243172419591214231e-02
1.259048057635068184e-02
1.072783670534395266e-02
1.199448293510043881e-02
1.314556324440007209e-02
1.303844125971272139e-02
1.327102845939224195e-02
1.927986844008499831e-02
1.226407193992524319e-02
1.700622806947834145e-02
1.262975847244323518e-02
1.402858803490594081e-02
1.412910190928442881e-02
1.273901362825143914e-02
1.296288677987366030e-02
1.079123683936172515e-02
1.711409957596030096e-02
1.739513436278003131e-02
1.382219248258765784e-02
1.042551813979416750e-02
1.244137385794958674e-02
1.441705013957213753e-02
1.557710444891495169e-02
1.292326625036410714e-02
1.625065870120407513e-02
1.272246187033508613e-02
1.261149272077527472e-02
1.266206296893493399e-02
1.732056974385711920e-02
1.209184157344312185e-02
1.584993830736364240e-02
1.716544548430526743e-02
2.096584122764143937e-02
2.353849318090907999e-02
1.199487010735876026e-02
1.259916755591493180e-02
1.296852608403464835e-02
1.362003452895220977e-02
1.286196772704675285e-02
1.743447880738402053e-02
1.368603724729706116e-02
2.282422574874399396e-02
1.236355723286002191e-02
1.307767778935918501e-02
1.320117750005488956e-02
1.266890055653909636e-02
1.232274509911253021e-02
2.250753166408785838e-02
