6.448756459290490295e-02
7.303803075088620422e-02
6.895927131873734461e-02
6.628941184425710120e-02
6.764364153154306392e-02
6.479715427708851450e-02
6.497107990162505342e-02
7.085171824902923576e-02
6.340780245062922760e-02
6.358372896919702033e-02
6.489879624697536542e-02
5.484032952451973336e-02
6.603409867278153822e-02
6.093057248648098972e-02
5.975978160868661987e-02
6.611575058576853181e-02
7.419001862392439473e-02
6.436895270491473087e-02
6.614246525877373606e-02
6.585719326983871524e-02
5.890449401529201934e-02
5.694315632256418541e-02
8.516815387002944771e-02
6.547646459450617851e-02
7.557942701249260875e-02
6.458869674143186135e-02
7.220444411026553932e-02
6.587089724434451454e-02
6.347263692502107257e-02
6.502170666890222384e-02
7.916471237676701855e-02
7.702301539853677326e-02
6.463483161373238806e-02
6.669673423786293132e-02
5.968443683689434592e-02
6.814887941620302592e-02
6.091579930205324317e-02
6.553785215638818773e-02
6.573587429664523585e-02
6.160970794537186379e-02
6.660218249571656091e-02
6.227206244242555061e-02
6.501735568105540541e-02
6.909294223593931417e-02
7.549816582185417402e-02
6.431303594882968599e-02
6.670001133054888343e-02
6.566177078546024670e-02
6.934546846343701831e-02
5.205998499865543971e-02
6.825473343215772426e-02
6.258120502885344827e-02
5.794509836664316765e-02
6.815678351476674168e-02
4.820064202107302714e-02
6.505982794297046623e-02
6.673496036623496885e-02
6.471326256861628656e-02
7.013180862826698392e-02
7.231439716214906055e-02
6.554846211303246017e-02
6.550444897666037047e-02
4.378416623219721221e-02
5.858308185538417534e-02
6.541726667206122781e-02
6.724095593401799298e-02
6.645748820489240372e-02
7.112742306978594997e-02
7.629931919988400257e-02
6.649628927173610593e-02
6.365569514540403429e-02
6.493848957172010383e-02
5.939115604704032353e-02
5.454660683952114453e-02
7.174641852198748726e-02
6.298234730155116701e-02
6.522083472033682328e-02
6.326956191265177554e-02
6.272332507623329390e-02
6.353466793178261240e-02
6.336771790827434858e-02
6.296347923054033957e-02
6.373736711980257374e-02
6.698428015727789231e-02
6.563024076507939508e-02
6.549971856612527010e-02
5.983018349705673117e-02
6.349301526989159505e-02
4.657843037942765302e-02
6.563029005820890383e-02
6.330426778745960881e-02
7.858191394535148089e-02
7.033494776703004547e-02
6.784730297048829906e-02
5.328804137805383256e-02
6.113842253104352642e-02
6.484110946895088601e-02
7.280276344496834640e-02
5.588546869552042662e-02
6.432806607097742158e-02
6.595343459050632962e-02
6.552939038789892812e-02
8.254332348903983818e-02
6.359815656867043310e-02
7.635815568992243563e-02
6.726045146129677743e-02
6.777589618833287921e-02
3.287242439717837084e-02
6.544520435040394879e-02
7.999497478057987498e-02
5.510429967697220988e-02
6.641527777902886398e-02
6.609737213178100423e-02
7.275155036152083921e-02
5.555115648756554780e-02
6.553735762864049130e-02
6.221288369474108765e-02
6.526136682770394826e-02
6.548062137357248125e-02
6.584758938484283619e-02
6.801160223784485925e-02
6.236437201764519905e-02
3.734473460411103646e-02
6.740391460153476177e-02
5.714334472671474957e-02
6.521930201376625880e-02
5.879043187997065600e-02
2.948351274580688838e-02
6.766590747114650806e-02
6.581397849733247596e-02
7.380261927390048549e-02
6.897152323604852087e-02
7.620867031472387809e-02
6.218461118035205348e-02
6.668920985956712510e-02
6.003846325155447888e-02
6.481920533624144221e-02
7.516405503870632332e-02
5.927698728601199507e-02
6.354318398307615134e-02
6.735194212088400911e-02
6.418196263764487652e-02
4.894144797726363710e-02
6.521244864169067901e-02
7.468777758248849874e-02
5.494229147924494655e-02
6.565012165944482392e-02
6.622663177538712365e-02
5.942601567475523650e-02
6.051187680302832356e-02
7.228716803421658676e-02
7.413536249004308576e-02
6.475378175902828104e-02
6.695891413982360540e-02
6.379802799834621840e-02
7.057450940639126147e-02
4.359494700895683028e-02
6.401590482619930189e-02
5.436030264161432340e-02
6.420939664846155026e-02
5.860068779890251905e-02
6.386350393402691339e-02
6.542930422809334345e-02
6.327225465312286135e-02
6.554252755656202190e-02
6.790346767889744728e-02
4.672129321741230051e-02
6.180834980952473051e-02
6.625901680554691087e-02
6.147109887664630595e-02
6.569425168357960476e-02
6.651814713407509794e-02
6.701749718519157961e-02
6.943296479621298423e-02
6.203659522501166895e-02
7.264967922139001222e-02
7.211793671145753926e-02
5.109817416084502101e-02
6.246261716047421531e-02
6.192850995089580618e-02
5.628305328956116627e-02
6.808870785336426645e-02
4.075843743635527289e-02
7.179757783982262942e-02
7.117000147002594534e-02
6.580537331240440824e-02
4.075897983036128741e-02
6.826267623517706662e-02
6.287764519113429873e-02
6.583793609029324478e-02
6.427889045045638572e-02
6.046927923375240016e-02
6.656016864912935038e-02
6.661874677208866335e-02
6.461270743521624338e-02
5.950922077403161814e-02
5.791079729589305308e-02
6.505357189271908369e-02
6.592287859066467415e-02
6.570272920703819353e-02
6.430061798287092789e-02
6.131033967126835182e-02
6.905765245734941937e-02
6.597483007948974632e-02
6.976572512104239898e-02
4.894024061146868415e-02
4.621379896414206517e-02
6.542400086686067651e-02
6.440399235487934138e-02
6.529998362905695131e-02
6.041625153119110220e-02
7.702001751731815671e-02
6.541915061394580622e-02
3.855408435246503174e-02
6.516977010186739139e-02
6.151831085940837052e-02
6.497121369511735245e-02
5.993941138313635397e-02
7.500676827672785041e-02
6.519832343323270218e-02
4.091343154113322167e-02
7.625871629217988168e-02
6.462232396763220588e-02
6.442042605649773990e-02
6.528720637129468984e-02
6.374311152190485774e-02
6.538088267646431639e-02
6.554190976853628559e-02
5.439603479125027646e-02
6.454599613419834125e-02
6.616866126540682513e-02
6.588115136586540632e-02
6.023273525143245377e-02
6.363467035417094686e-02
6.379231099692914131e-02
7.089095585708936331e-02
6.363718585210952072e-02
6.669363638041519993e-02
6.345879848720478722e-02
6.882878211010337588e-02
6.499490698450456627e-02
5.449100014973739387e-02
6.444820357323215176e-02
6.646691152382261381e-02
6.366603200723951195e-02
5.212875494717953556e-02
6.505540643547094715e-02
6.505888183882073406e-02
6.605247297636149262e-02
6.013857346654637864e-02
5.410879455487800638e-02
6.597049619967416956e-02
6.761787099795504852e-02
3.434607834341007332e-02
6.817668423593095661e-02
5.768593462566876801e-02
6.314173191661952289e-02
5.989032222623066892e-02
6.419055399256547167e-02
6.066836496722984723e-02
4.742935378559536008e-02
6.279087063600248542e-02
6.729279071542285107e-02
6.721248036791718783e-02
6.331049514961076263e-02
6.455413753935922150e-02
5.965869706558846186e-02
6.205134681460010987e-02
6.437606432162949754e-02
6.719601683921022639e-02
6.488086195626253938e-02
6.560147362123897041e-02
5.399829765965951517e-02
6.506638670095472865e-02
6.584128044966079674e-02
6.384428773320090234e-02
6.301026844277986261e-02
5.071231654363728136e-02
6.425159685038396573e-02
6.287190469091298584e-02
6.803755293603032384e-02
6.786528453659361471e-02
6.297924367495941200e-02
6.316571294000446202e-02
7.830136802111924144e-02
6.518445067389694314e-02
6.531272878754219857e-02
6.083408055948735793e-02
5.411503115706473022e-02
6.691718430871380907e-02
6.627645076790270040e-02
6.419563250172713453e-02
6.327827343593492304e-02
4.034227518340439966e-02
5.844000524420722709e-02
6.366475221353014302e-02
4.900025429234628610e-02
6.292080579238533422e-02
7.037366110507808914e-02
6.249019413863028671e-02
6.611779920358985818e-02
6.330234873679861651e-02
6.488696496131386715e-02
5.400393872617973573e-02
6.398326604422949204e-02
7.750997365428802244e-02
6.519531793690916399e-02
6.599074400579016397e-02
6.777548550898769564e-02
6.632839817149013828e-02
6.474054953608066043e-02
5.092908262719963997e-02
6.469564346127922028e-02
6.584617692295127722e-02
6.548346752844472207e-02
6.592242515320827223e-02
6.449847478291034775e-02
6.800454696817871680e-02
6.669346310227766694e-02
6.745091096828133292e-02
6.350371410443012010e-02
6.057938857418285195e-02
6.477568661511125259e-02
6.635546204178298380e-02
6.633196047614155211e-02
6.266088629004358534e-02
5.872860296351906789e-02
4.072904187025731815e-02
6.659198720741681121e-02
5.794887169314371506e-02
6.474181858585037475e-02
5.771736072904443127e-02
6.800994230610776792e-02
6.064654912824838512e-02
6.850239425184286024e-02
6.957153363975429605e-02
5.532402949908264006e-02
5.933440731950574698e-02
6.597232443219906706e-02
5.198178938940820754e-02
5.858224756954543561e-02
6.529804324739146848e-02
5.070158954253276007e-02
6.329321479837041187e-02
7.384306977229415647e-02
6.554144646327578205e-02
6.394202945729243748e-02
6.368869716566119554e-02
6.594774653632254346e-02
4.398673800797330696e-02
7.129048346270011605e-02
6.462576077839347899e-02
7.611727862857801952e-02
6.470092273037020281e-02
6.797499405580149923e-02
3.955791504611627651e-02
6.680508176694759104e-02
6.497595793090291116e-02
5.743287839492445396e-02
6.705533717731293475e-02
6.423407245031738377e-02
7.093270412277317971e-02
5.918294428648065292e-02
6.452937100942694737e-02
6.597279534374295151e-02
6.659286549059464932e-02
6.218019808273164001e-02
5.419350125688392888e-02
6.746961882653047804e-02
5.711019653955180797e-02
7.685225639164666722e-02
6.763825376436928549e-02
6.674560924388338312e-02
6.095380871393628330e-02
6.405981723469442168e-02
7.044376029184322430e-02
6.988329138440119159e-02
6.821879551416697163e-02
6.464433246663080224e-02
6.222428063371678031e-02
6.552993448348388983e-02
6.243084655096319685e-02
6.406902817765508518e-02
6.875734852113672690e-02
6.841346655146786360e-02
7.242107651073592667e-02
6.661634882664162205e-02
6.449859405338687068e-02
6.748673091702109272e-02
5.692708575701331541e-02
6.591778036924179907e-02
6.233580415315303352e-02
6.624043641245168368e-02
6.416586575062453723e-02
6.444444032289937951e-02
6.122707925470991658e-02
6.493329820677212760e-02
5.916746300286763321e-02
6.305982447372808497e-02
6.515397235458932068e-02
6.269347967887760331e-02
5.468106838886487714e-02
7.562220300857716571e-02
6.930934408372903255e-02
6.483382247000105125e-02
6.525141885879848225e-02
6.361089574465383922e-02
7.597629487675189308e-02
6.474509402243446010e-02
6.001842104174759385e-02
6.833136091062122497e-02
7.137242568615514982e-02
6.460955060057477217e-02
6.674482536227156759e-02
7.277298805380920388e-02
6.182442162879665110e-02
1.829344311280451524e-02
6.620708687878247567e-02
6.293366143800908918e-02
6.150841658448971683e-02
3.954144041707342849e-02
6.525396943864593402e-02
6.085928888918797769e-02
7.155225634960274417e-02
6.908183635980565118e-02
6.558585357015289663e-02
6.862487604349128134e-02
6.356807672653785879e-02
6.151202078983425414e-02
6.315851604122479923e-02
6.186923023539113442e-02
6.557895996700686958e-02
7.675617876772998505e-02
6.575508446667929774e-02
6.451331346611691164e-02
6.879610382312552341e-02
5.809099669203349192e-02
7.431756205774013579e-02
6.943067275829954699e-02
6.347841564678784188e-02
6.743773342722837738e-02
6.551167952113920445e-02
4.971053518811932581e-02
6.618469708379007277e-02
6.945788449126685804e-02
6.186182495767834216e-02
7.384761026511510451e-02
6.379004591546277858e-02
6.544812189819576576e-02
6.464323067158607439e-02
6.448322938216277667e-02
6.463701032501577293e-02
6.518150404333346304e-02
5.929339984699900229e-02
5.999617225369154733e-02
6.438403651607828293e-02
6.677247719381190771e-02
6.791523393150353249e-02
5.248260465437161459e-02
7.437962035654473170e-02
6.539227415985941760e-02
4.500043705699596774e-02
5.939925182112249652e-02
6.595261127044478588e-02
6.561495516684444362e-02
8.464737357801861706e-02
6.579693720332252527e-02
6.372859436328948135e-02
6.581939067082646921e-02
6.947184495233230117e-02
5.900540142612925587e-02
5.976846289989731081e-02
6.337960155528007955e-02
6.248312356430772013e-02
7.255656137974555997e-02
6.593805103467720308e-02
6.601532210395406886e-02
4.270200933419253386e-02
6.629934265627546175e-02
9.052912804658441726e-02
5.635788840294525537e-02
6.369763341758215291e-02
6.521995503526020754e-02
8.233371157066202151e-02
6.058362054235239685e-02
6.294995039906656209e-02
6.637876344654887462e-02
6.406277257227740995e-02
6.636637502309256087e-02
6.604843506850431589e-02
6.364698070907932881e-02
6.591356102420106722e-02
6.690809223453404730e-02
5.298171346361006673e-02
6.073557707700985575e-02
6.823175216257826303e-02
6.550773500885032075e-02
6.465218795824470566e-02
6.114594510161324575e-02
5.126874909276283449e-02
6.697861455598330682e-02
5.245923502074729960e-02
5.786713954431423751e-02
6.339375446072295639e-02
6.477395071674969806e-02
6.262205760417566269e-02
6.385875344590066782e-02
4.953099913371595414e-02
5.878923137971416718e-02
6.549481948804165843e-02
2.408685718834025630e-02
7.141567061239065262e-02
6.591446431351313806e-02
6.270962870311969084e-02
6.819416929268641570e-02
5.868714243364012845e-02
6.072110644265173857e-02
5.666555992372393491e-02
6.504480014415978117e-02
5.833054500581941887e-02
6.492741987145908555e-02
6.476561023043250764e-02
5.864213658875540996e-02
6.438264451892283802e-02
6.784911363831629127e-02
6.902005825743424972e-02
6.555100011775936986e-02
7.815517256108488187e-02
5.837414912291000180e-02
7.311808247611263634e-02
6.705895802240886827e-02
8.013406413683041296e-02
6.497432542856589055e-02
6.626424817635927222e-02
6.175691168338361126e-02
6.570142981382587344e-02
6.527663546038547926e-02
6.753787864508434269e-02
7.513786446324603741e-02
6.806309018481004891e-02
6.709387480943779236e-02
6.380363240207141684e-02
6.751843200428626901e-02
6.495157744158189250e-02
5.905282894167759866e-02
6.108586351524693259e-02
7.602567656897535331e-02
6.401390606626042312e-02
6.833309482519811517e-02
6.323618371617514833e-02
6.367496759400041728e-02
5.733286041768177049e-02
7.108403503459242989e-02
6.578768763802857189e-02
6.527297708158083522e-02
4.714427410263486579e-02
6.461810767966973124e-02
6.674772106237267244e-02
4.060983003034501077e-02
6.402455766002770887e-02
6.398344250604619254e-02
4.313795707551226072e-02
6.956990717380021061e-02
5.993001838691580652e-02
6.731718628812892458e-02
6.744533962047474795e-02
6.373811437764838328e-02
5.559130048895554593e-02
6.705298039984089464e-02
6.250312953936587590e-02
4.174201927897679826e-02
6.085539173214438158e-02
6.585358380248643173e-02
7.660809456896312819e-02
6.465623563365470450e-02
6.438543065650706443e-02
6.267527402213353416e-02
7.616978156128556554e-02
6.700210274437058688e-02
6.074236689226820279e-02
6.384868611742290645e-02
6.580256286102366403e-02
5.716079319405435732e-02
7.222307749144840638e-02
7.318798340699310401e-02
7.839779696164490830e-02
6.567373673555235158e-02
5.974691751053390343e-02
6.441321812047150208e-02
6.715525640265605778e-02
6.808712162126939749e-02
6.761928967573152538e-02
6.084018937936298832e-02
5.910546021166968728e-02
6.170409663973199649e-02
7.725939168657579292e-02
6.847428734920647797e-02
3.585961468579123429e-02
6.694302559661534369e-02
6.559070914632185445e-02
6.013836642333398458e-02
6.584074620407508183e-02
5.754776259612646994e-02
6.668861777280121750e-02
7.367175428286641681e-02
6.460793643120908702e-02
6.754888579111907598e-02
6.719313442016416893e-02
6.562438741579429413e-02
6.114137410168214715e-02
5.857900430099106936e-02
6.591372452812674365e-02
6.615874612658539933e-02
6.682878291302765672e-02
5.972733239438129255e-02
6.573274877118220894e-02
6.849507636941495892e-02
7.553694035502757365e-02
6.478836597185534674e-02
4.528870141890542489e-02
7.140399739010354352e-02
6.455277405053268247e-02
6.619572071542464964e-02
6.620316324958171184e-02
6.316290004630906174e-02
6.555683204722036195e-02
6.639148343014666942e-02
6.016336938974830434e-02
5.571889979926852865e-02
5.849553753401000311e-02
6.516615642949294407e-02
6.287520621629084927e-02
7.542485090442031803e-02
6.743855977964957615e-02
6.662815508307579071e-02
6.236440033466301297e-02
5.951367898065864498e-02
6.977641451166237407e-02
6.409436947803918982e-02
8.052649956075549897e-02
5.633246044940198871e-02
6.558297874254120918e-02
5.645220983337765480e-02
6.727403212212315631e-02
6.201673349085385506e-02
7.262132235069276853e-02
6.688732048809586939e-02
6.327467290570383540e-02
5.872676690626818519e-02
6.859619317615307799e-02
6.557218867313796551e-02
6.419552886040695572e-02
6.829861112780362398e-02
5.693423248474098475e-02
4.918959464321073782e-02
6.488131502632576986e-02
7.176095485895135628e-02
5.469710782199455057e-02
6.429020970634179155e-02
6.853517289926192024e-02
6.244158067800764655e-02
6.210682806883309481e-02
5.841744472993431331e-02
7.566809119622276703e-02
6.507581235764352268e-02
6.753005278694287905e-02
6.032973419993975517e-02
6.084453039586012330e-02
6.758007087310405336e-02
4.952366563909990638e-02
6.626983156795240859e-02
5.732042150875431979e-02
7.173769033938438844e-02
6.520447670032508691e-02
6.606249676973455220e-02
6.528379518116311786e-02
6.571078055944491736e-02
6.040819185866264096e-02
6.979683478356982218e-02
6.524480363013936135e-02
6.617787371330964563e-02
6.441791412922526217e-02
6.429985786055952834e-02
6.875338372581550617e-02
6.829334758784764980e-02
7.091502605192796793e-02
6.960754184044780357e-02
6.265006959854095558e-02
5.810051603461935388e-02
6.341238327205581116e-02
6.585128427195061085e-02
6.191602501418084353e-02
6.241640770078536044e-02
5.191931740596951450e-02
6.059768288300450279e-02
6.409263316104664432e-02
6.822506273934512977e-02
6.577905795621580287e-02
5.948904648143878843e-02
6.723358759285708031e-02
8.081971581772356972e-02
8.130617318406224703e-02
6.451557380395148145e-02
6.537836849022318764e-02
6.454008593457628840e-02
6.233721356080521719e-02
6.609966921963318642e-02
6.027895060301661362e-02
5.938667965260530091e-02
5.565437841352601639e-02
5.913426222855402287e-02
6.639194861860298058e-02
6.690242446398693421e-02
6.686074971355189522e-02
7.392932160422821530e-02
6.768675204153359881e-02
4.036811333527801776e-02
6.495746795462073453e-02
6.030664911434934633e-02
6.060627355952856454e-02
6.587753724443375092e-02
6.230189972835541157e-02
6.577435620806108829e-02
5.555075196931361092e-02
7.185377264052530966e-02
5.598042731793248517e-02
7.453064012814721029e-02
5.794743908936868942e-02
6.922649204252238897e-02
7.055568652248921102e-02
2.310331910171651779e-02
6.511054970632972061e-02
6.724763583385039156e-02
6.376706331486654833e-02
7.154781650658996461e-02
6.973794060263860395e-02
5.903951471299363069e-02
7.429366600729581105e-02
6.485557120431205413e-02
6.769429008151651994e-02
7.011734269062114278e-02
6.728670077576484609e-02
5.731361893852399136e-02
5.786915780449462116e-02
5.528583723506758779e-02
6.265137761457907628e-02
5.891070197959708682e-02
6.989503058457377516e-02
6.307405220005170288e-02
6.907133135136719893e-02
3.378912349095355289e-02
7.864290018426295381e-02
6.586129138123061888e-02
5.397855136624767763e-02
6.883223949188792268e-02
6.005252921286561435e-02
6.986245402880368605e-02
6.480294910406288189e-02
6.133166744796263864e-02
6.595743666109572800e-02
7.006511291779313200e-02
6.056707588031249451e-02
6.484840563307234240e-02
6.258128632199434771e-02
4.537960831868017436e-02
4.851367722707163738e-02
6.576748006440771843e-02
6.797629234828234113e-02
7.668235018009790516e-02
6.314703895381836019e-02
5.529400873031133784e-02
6.784630612756062384e-02
6.419746617946772704e-02
7.420683814790254851e-02
6.155495965434555627e-02
5.226434452964832250e-02
6.437010582833066485e-02
7.279473079519160894e-02
6.397585043379652725e-02
6.020714017841472671e-02
6.127852696155833279e-02
6.486964295213458465e-02
4.255445992112576181e-02
6.505698433923816359e-02
6.222004431969381522e-02
5.956531958160808660e-02
6.325453445204860803e-02
6.911886937030112255e-02
6.863819633405085496e-02
6.455286307104381172e-02
6.446345050346104222e-02
6.210509735017377686e-02
6.703446841048127380e-02
5.688211605819437633e-02
6.479432232543852477e-02
6.788957988918714603e-02
6.340844459678746103e-02
6.448374520675621835e-02
6.766347193573910013e-02
6.239676887339937195e-02
6.478152263785134923e-02
4.394875356044028458e-02
6.356445972379194675e-02
6.612045973395357101e-02
6.565794191691029513e-02
6.521221419185277424e-02
6.277952022597774184e-02
6.841905663204937704e-02
6.673262698811917304e-02
6.474892269603400863e-02
6.814037078160503635e-02
7.933419867769080092e-02
6.685957721132093634e-02
6.462980481106281316e-02
7.189663232808582438e-02
5.430797644553954362e-02
6.309412817464840617e-02
7.524117602266733318e-02
6.408167168552356130e-02
6.349515906046324099e-02
6.433843111197501408e-02
6.560156670897224207e-02
6.413340243243137451e-02
3.668847481632736551e-02
5.630279582443890873e-02
6.561541632054078421e-02
6.159156344679867640e-02
6.667746765700129086e-02
5.148422172207739456e-02
6.308465536336431423e-02
7.404691091726153807e-02
5.042201868502096257e-02
6.340372744790599702e-02
6.792261849707317833e-02
7.099931378755483524e-02
7.014099222738522099e-02
6.618662370264297157e-02
6.211519535720031598e-02
6.644269880679669338e-02
6.527413341423256299e-02
6.623979349653646986e-02
4.574980502627255807e-02
6.252646833269917548e-02
7.250553969591130854e-02
7.166773941039812634e-02
6.710640743520569773e-02
6.508111770971461429e-02
6.446375477207613724e-02
5.566716069427308372e-02
6.283932494683056036e-02
6.286103745072797733e-02
6.269166562688137379e-02
7.013504019883665119e-02
6.805973674587330324e-02
5.382043372448509083e-02
6.567485975889184036e-02
6.334360505177021039e-02
6.658028248745129218e-02
4.997008113348031660e-02
6.677064729146953148e-02
6.481814843618993738e-02
6.148365231186190411e-02
6.288007421464947289e-02
7.052915948490930120e-02
6.417961904034882870e-02
4.679638005513651888e-02
7.345228869539800753e-02
7.748238574003919743e-02
6.476327116156883890e-02
6.688125833223119987e-02
6.093253179149352161e-02
5.938060903922243866e-02
6.565889814706858674e-02
6.216563235571289509e-02
6.348925190302096011e-02
5.820068761502909804e-02
6.634955066288103498e-02
4.873893695148342337e-02
6.615983141355959163e-02
6.000857211072740255e-02
6.465214301066934954e-02
6.518283992431071761e-02
5.639441810827777735e-02
6.075123358923768813e-02
6.541014412141268886e-02
7.018452230156051186e-02
6.496605109581957138e-02
6.481020179438780338e-02
6.512084657118426267e-02
5.620344559043423394e-02
6.636482675729342418e-02
6.708785674438481894e-02
6.453831316898024639e-02
6.625158764618269136e-02
6.087842196784079563e-02
5.624373606591744068e-02
5.471703701348075433e-02
6.393855840973386440e-02
5.579345719914387963e-02
3.905256871443935074e-02
6.538965271253120715e-02
6.627513878451302132e-02
6.889232670823482174e-02
6.673473449654628020e-02
6.558060559882884777e-02
7.797710716066388881e-02
6.761505004666226726e-02
6.472601292089617819e-02
6.640385952243621492e-02
5.496902820661878769e-02
6.650781863859087095e-02
6.547110906160592825e-02
6.251542140537089121e-02
4.819044977429397247e-02
6.483723506527981628e-02
7.905524011168466036e-02
6.762103916366445089e-02
7.150807481917272057e-02
7.192095211042538738e-02
5.670553286694485218e-02
6.420040757772971229e-02
6.923465209451096225e-02
6.526849853629156095e-02
6.915946224563597478e-02
5.950347520047853667e-02
6.614762986733459249e-02
6.545631199437883241e-02
6.608513406463557838e-02
6.438694309636956714e-02
5.622466174210708628e-02
6.557637409985372923e-02
7.563332358600009797e-02
6.960612924478210006e-02
6.557718335270562582e-02
6.596992938182261179e-02
6.477164210428236479e-02
6.461538938372106411e-02
6.536237133290079271e-02
6.409118208487912804e-02
6.150463127894008342e-02
6.891373271868328487e-02
6.950640292683295252e-02
7.366393497437775939e-02
6.246934599749971728e-02
5.259818238265043938e-02
6.954884701540232916e-02
6.835558826345958239e-02
6.263742108524943120e-02
6.109373174307306670e-02
6.609113429557041119e-02
6.420041160393219482e-02
6.919308480122260407e-02
6.476402503647413211e-02
6.859259834713440918e-02
5.982099207544622210e-02
6.776205091454737262e-02
6.108047587605917872e-02
6.504362372559960304e-02
6.841551649911151167e-02
7.370001547403798314e-02
6.430314929539519830e-02
6.318977516117670057e-02
5.887198743522667477e-02
6.351776275104634162e-02
6.273278835888873584e-02
6.445617113466155235e-02
6.773369378296638377e-02
4.674709505858102437e-02
6.995423732317342103e-02
6.552783558758916438e-02
6.550834598602361947e-02
5.495216826001744076e-02
6.360913192666264870e-02
5.718501314962607524e-02
5.079864113906138595e-02
5.320390735965370432e-02
6.121913311392972179e-02
5.044631291399467171e-02
6.711046765320516361e-02
6.521596659699024912e-02
6.567107243246353421e-02
6.608174156937422772e-02
5.735814647210862871e-02
6.485851491215506581e-02
6.394638304408219176e-02
5.472645793205827003e-02
5.464620083191149003e-02
5.683505530019770241e-02
5.659381945842423267e-02
5.785288194114268645e-02
4.597229285365782986e-02
6.866607346087859332e-02
5.202495549916596324e-02
6.267218913600171304e-02
6.946237014132887466e-02
6.527581940076282452e-02
6.828125282980436472e-02
3.730093907270004561e-02
6.185385638626623300e-02
5.856944932890459365e-02
