4.133745450273289268e-02
2.883859048541629819e-02
3.339955364593583803e-02
3.761017049170471693e-02
3.189890617756265673e-02
2.438986552548342429e-02
4.004098288290587615e-02
2.969779067679963885e-02
3.086588853270318469e-02
2.430484747329853326e-02
3.402752074582834907e-02
3.534276036924281078e-02
6.533465190332402028e-02
3.445911887734388196e-02
3.070431546847326651e-02
3.423641625132281541e-02
3.596466498228431674e-02
3.026632500948473956e-02
4.196353961815843525e-02
3.560788458622726055e-02
3.531564120810253005e-02
3.766538004892290570e-02
3.127815780799161893e-02
3.560858919610088852e-02
3.086253523658422093e-02
3.201208592523615420e-02
3.526206600855422146e-02
3.545589255802340800e-02
3.565865828322075520e-02
4.269029561791302940e-02
3.094414440872078967e-02
3.200429495799190366e-02
3.486132881582098414e-02
4.320140970819102283e-02
3.933130704317801263e-02
3.681016181493404482e-02
3.653001230000865740e-02
4.569790999611242355e-02
3.152825794085219180e-02
2.133442739062242285e-02
3.506277865999726101e-02
3.672830840298278027e-02
3.650735275403045599e-02
4.526004562271281756e-02
4.521777060026979655e-02
3.653934613457650304e-02
3.196681391919145576e-02
3.531583198782884542e-02
3.080279837835444082e-02
3.563672707376162180e-02
5.182094587390101426e-02
3.554453797995195397e-02
3.652290581621856630e-02
3.660173318219951677e-02
4.657880183245320660e-02
2.801751834157396870e-02
4.531251588546675313e-02
3.430304685658011610e-02
2.780216422099072646e-02
2.927156853558258651e-02
4.481834369113156524e-02
2.922682774947513162e-02
4.218252265473658447e-02
3.609076625731030830e-02
3.448438177921112069e-02
3.721633893950569011e-02
3.672970765025166534e-02
3.638997847361061938e-02
4.273464456363940123e-02
3.472214499695207290e-02
4.216261046287867603e-02
4.071573350963723220e-02
4.664730893024857800e-02
2.908825514390997111e-02
2.094916050111276726e-02
3.196992726195896362e-02
3.660859085334141477e-02
3.020609823877557637e-02
3.346448484954289704e-02
2.925349524541842258e-02
3.159821448348667378e-02
3.641823426794639496e-02
4.258898462800015522e-02
3.188450713195406516e-02
3.507771810107838256e-02
3.686763684258494850e-02
4.456681134026004715e-02
3.049831165693740048e-02
3.144003830707680497e-02
3.831808288983929583e-02
3.883921860321412622e-02
3.363505481618463827e-02
3.352591106942007237e-02
4.141833146627507678e-02
3.719857267787192445e-02
3.846775885687667151e-02
3.526276409599957140e-02
3.671100756114726443e-02
3.581075733894655694e-02
2.919647614595749854e-02
2.951907471915281300e-02
3.317702711736329052e-02
2.896736215781117382e-02
3.251967588769467260e-02
3.265644016914059228e-02
3.734279130959165111e-02
2.483256142283374324e-02
3.714195180013860759e-02
3.502654507074899615e-02
3.670487273147301360e-02
2.926439180390413147e-02
4.080264511772355857e-02
3.511846995109090680e-02
3.728309523775816259e-02
5.675419777745616123e-02
3.844902847623423575e-02
3.486095647736945496e-02
3.413834438933587012e-02
3.338142237826231123e-02
5.297341026485138243e-02
3.343458616930602978e-02
3.468565601399656306e-02
3.555673596557144822e-02
2.956994080674114206e-02
2.843649357277537246e-02
3.700100757804856977e-02
4.472218972587552882e-02
4.201797281834888237e-02
3.923777170865188485e-02
3.657135640542189675e-02
1.980945518327874993e-02
3.918185755809078241e-02
3.776419643796269376e-02
3.850436788691849466e-02
4.050117658719949026e-02
3.455546991221379594e-02
3.626074188069973447e-02
3.478308170256788623e-02
3.915614587346753772e-02
3.571984712231098674e-02
4.776476205970604100e-02
3.895567907971334703e-02
3.451665335724899558e-02
3.522461452650256508e-02
3.739877053128225909e-02
3.843871982722621428e-02
3.757703726823948681e-02
2.938542406785583580e-02
3.364679209411941541e-02
3.900838328940412630e-02
4.357356593041989551e-02
4.792464151487087903e-02
3.766399204370904363e-02
3.460737413669585927e-02
3.665571133119330943e-02
4.359325521689237648e-02
3.566858713676085424e-02
2.536847638019633366e-02
4.491365984915189624e-02
3.826049709757249617e-02
2.884378564248953405e-02
3.071240237075116217e-02
3.528035594138774489e-02
2.392983473379301645e-02
4.604753698965527442e-02
7.416417314473919276e-02
3.215975557665100987e-02
3.181332717795598564e-02
3.980635434762496566e-02
3.559231521558204464e-02
3.860739402385789110e-02
4.839478917437715910e-02
3.748715319122181144e-02
4.001086488062646079e-02
4.348987371146929848e-02
3.459175200801078293e-02
3.358861536488858685e-02
3.465222363838602743e-02
3.760973380752401923e-02
3.474479530224013069e-02
3.542599001549073812e-02
3.474651201081512680e-02
3.376757481469767896e-02
3.443131606634768777e-02
4.588950226552210993e-02
3.301968279456374278e-02
3.603950667091446181e-02
3.496439729648806449e-02
3.312688981205770544e-02
3.314929878650371697e-02
3.280668628302690903e-02
4.794932326777873871e-02
4.456884462200259855e-02
3.093639353048168589e-02
3.789286250435583425e-02
3.509377634428838960e-02
2.762526344039312187e-02
3.646052458742991137e-02
3.677323790094392392e-02
3.499179063244847038e-02
1.591512376334033863e-02
3.468774366191769432e-02
3.590007366929678922e-02
3.438190346699465660e-02
2.949085700697247001e-02
3.443906462047988809e-02
3.546999395434288771e-02
3.480149245426433779e-02
3.703064801312118404e-02
4.522821308183553463e-02
3.233835118600524028e-02
4.614522588371078315e-02
3.670861410748734593e-02
3.370203713380210547e-02
3.459566246616258695e-02
3.147328876213803528e-02
4.514272771791504046e-02
2.818257225917417119e-02
5.006362083559705300e-02
4.222551207503111997e-02
3.684616537366783989e-02
3.465591982960233158e-02
3.421822446947982849e-02
3.150711552433898416e-02
3.427422408315042301e-02
4.576060792682386941e-02
3.530950020848398069e-02
2.858662483045924796e-02
3.835351433065701393e-02
2.976426520804673417e-02
3.671679450269236394e-02
2.795052836841115801e-02
3.133373708405786523e-02
4.274283979264384414e-02
3.410654222987411638e-02
4.663257019094396716e-02
4.242917504321210009e-02
3.538348046589209761e-02
4.040912973368651628e-02
3.056190006622486188e-02
3.573737383179063226e-02
4.112701457964555718e-02
3.112021787870813266e-02
3.853886016703266665e-02
3.587073231398419521e-02
3.360267332797217676e-02
3.855514682228057544e-02
3.732681222581650526e-02
3.281030996665586230e-02
3.552875630032976961e-02
3.339050962627328895e-02
4.318917248601449738e-02
3.419872441041683919e-02
2.912172674193073962e-02
5.827828362178357618e-02
3.865862904739245792e-02
3.471225410627402919e-02
4.724896735898836964e-02
3.418828584785271046e-02
3.697934895421452900e-02
3.855483729505784080e-02
3.916244788962660456e-02
3.439477585533994713e-02
3.501668559255681490e-02
3.495667331944102979e-02
3.007602224048760639e-02
3.590222864749587073e-02
3.767744242576859248e-02
3.551740328214139653e-02
4.061059800193668468e-02
2.237210788629014416e-02
3.213729557612963333e-02
3.403326597958423322e-02
3.476991463335899618e-02
3.511465771719318035e-02
3.741788562025741977e-02
3.113182871329867041e-02
3.543201066333255544e-02
3.556480639553857848e-02
2.701042416429779922e-02
3.713615242784623627e-02
3.786788263834113544e-02
3.310608023792811078e-02
4.162119938381166062e-02
3.727446180012171373e-02
4.163869037585636590e-02
3.766753041486422399e-02
2.905285402855186522e-02
3.627602731386840584e-02
4.258835614202920172e-02
3.531433120670581655e-02
3.199814576509510400e-02
5.016060516375733108e-02
3.342081958842409856e-02
3.744824068205008377e-02
3.410964743981355352e-02
3.134208642403948919e-02
4.004830547055165252e-02
3.760371064516116607e-02
2.757822124479408082e-02
3.539430470752899516e-02
4.020525017045880473e-02
3.420964207421681863e-02
3.723928918877913302e-02
5.303689847701015259e-02
3.778629658177990597e-02
3.996976378221454157e-02
3.099132326931632042e-02
3.321535357861574861e-02
4.122265281118859398e-02
4.418527795315214252e-02
3.476159469970655641e-02
3.496350410038461670e-02
3.202610925132145375e-02
3.395000579759729908e-02
4.749356661628806320e-02
3.304851374892457672e-02
3.909582582539727208e-02
3.493673082192239737e-02
3.548423483884791119e-02
3.673696249117838764e-02
5.265144436944807493e-02
4.868792713837750280e-02
4.005641107890234309e-02
3.752175516245034176e-02
3.510596949483796303e-02
3.709908274457758559e-02
3.176391665426126637e-02
3.271139241143319887e-02
3.547001363369008120e-02
3.024728836419704470e-02
3.522483857894033454e-02
3.329878128944185195e-02
4.097359124145704551e-02
3.919465535759747432e-02
3.808125839478868069e-02
4.035910939317710611e-02
3.577042164728917728e-02
3.134304612033741305e-02
3.671289315921474200e-02
2.496468183351305270e-02
3.176363831548778549e-02
3.802530323671594187e-02
3.528761218726963328e-02
3.396612826100393195e-02
2.917397108961056196e-02
4.629365140404904239e-02
3.900672061386955408e-02
3.549591666354501990e-02
3.673504435900683956e-02
4.570147044657607571e-02
3.975616578892051528e-02
3.551731210348222506e-02
4.214463048793304356e-02
5.559477896238192857e-02
3.174237126340929277e-02
3.577422797223984985e-02
3.528870898725842281e-02
3.524154405926218508e-02
4.541849441202715915e-02
3.405657591818912061e-02
3.490706723965177755e-02
3.459366806269685568e-02
3.515178914257317822e-02
3.594924550557292153e-02
2.661029302456057594e-02
4.008288139032298303e-02
3.750278675325304650e-02
3.388300681436422906e-02
3.588234715206102543e-02
3.654788382304659938e-02
3.379455437983597960e-02
3.220349488097476454e-02
3.905031248872848498e-02
3.368973036260981824e-02
3.596964787278169456e-02
3.672563467812765131e-02
3.416166084577688250e-02
3.637195876640039738e-02
3.487968637610142086e-02
4.911331357149492649e-02
3.789689816657914462e-02
3.538177989870926882e-02
4.814114930843067103e-02
1.926127645469082050e-02
2.229619247426128936e-02
4.932630043307569684e-02
3.643182099982134048e-02
3.425836879812563934e-02
3.622720804881298523e-02
3.141393900509959619e-02
3.734188056863153166e-02
3.663027345917657662e-02
3.392924863756448944e-02
3.555042860293733398e-02
5.098344360301246270e-02
4.178518600518504184e-02
3.919544111511618495e-02
3.595193395337074188e-02
5.117870703164518337e-02
3.774149508254791285e-02
3.971816259223739931e-02
3.236567341211791377e-02
3.692375984085982665e-02
3.103637165151324970e-02
2.892596192681804249e-02
4.832361433267706036e-02
3.283130828509922550e-02
3.589364105216023837e-02
3.192360471622207596e-02
3.836241683104091998e-02
3.206805476535918437e-02
3.970917783841738241e-02
3.203864139628988944e-02
3.212170083881918381e-02
3.435350165633089398e-02
3.314009867582252966e-02
5.174552317041918037e-02
3.775566691335097841e-02
3.482818660354636969e-02
2.553677108517940150e-02
3.968927306215106615e-02
4.165565981676040697e-02
4.992127555035484610e-02
5.152775077051283126e-02
4.161640437179376512e-02
3.146853918287396273e-02
4.149291371363627440e-02
4.697052502396675822e-02
3.693873544638268808e-02
4.357552467078922021e-02
3.560598513146900901e-02
3.488200545481316001e-02
2.583943990403634455e-02
3.616004829414032340e-02
2.982929708778936720e-02
4.149732286273405402e-02
2.301843949518091528e-02
4.220592471389737060e-02
3.157253099201513119e-02
3.573779429246752570e-02
6.858792883297674947e-02
3.624651778059329033e-02
3.797891906321340660e-02
4.096539790217552934e-02
3.417834266486930589e-02
2.514167539496375836e-02
3.876615480462684837e-02
3.473673863015606239e-02
3.459980083565542680e-02
3.482596462007841315e-02
3.526463701224321484e-02
3.639685852598135291e-02
3.744352906208310572e-02
3.414324245424614490e-02
4.498509018268771059e-02
3.331283432512786857e-02
3.533275951227200090e-02
3.872836524064305480e-02
3.345577755430226979e-02
2.354168328096021418e-02
3.507261930555202051e-02
3.717581799049557434e-02
3.372147963361562389e-02
2.922089308640047137e-02
3.476917767860630837e-02
3.436091535709702438e-02
3.533996293088157575e-02
1.868339546201391865e-02
4.260633909344129638e-02
4.117999035772799271e-02
3.622272291722809096e-02
3.409327499055260502e-02
3.363899888826294565e-02
5.997839026739187895e-02
3.861012030718991017e-02
3.438968549466685926e-02
4.002620522554757587e-02
3.706184263088663222e-02
3.619715476926316927e-02
1.820531158664086269e-02
3.809776239970016215e-02
3.730686002034235005e-02
3.420470501052431944e-02
7.077110047175373675e-02
2.946589881686367818e-02
3.671168210104036600e-02
3.402206910253818134e-02
3.299985074957308834e-02
3.687774205834944141e-02
3.033598793091790355e-02
3.789862081253741327e-02
3.471070165929820289e-02
3.436844192610968157e-02
4.144308696988080465e-02
3.533182983959922557e-02
4.840633851799085868e-02
3.639493371907320113e-02
3.531759424107080297e-02
3.557747732704256288e-02
3.610343300026765123e-02
3.681106574003097792e-02
3.775146548988646961e-02
4.280799857148655935e-02
3.715289077553299291e-02
3.805144819597866546e-02
4.115131032667643934e-02
3.188979827350577056e-02
3.539042990451578968e-02
3.575130213698843318e-02
3.586330743375840818e-02
3.628690083186772442e-02
2.292868665712674558e-02
3.621512530587273071e-02
3.503200352983069227e-02
3.587105232568979507e-02
3.558224045906586974e-02
4.128736115448785465e-02
4.226235110170960957e-02
3.519584451481311965e-02
3.516737313946967369e-02
3.585378919640973272e-02
3.779663771437562908e-02
3.550004006005554047e-02
4.215859973545232897e-02
3.843042970397737151e-02
6.772789383544576547e-02
3.521268641755514323e-02
5.956438718637848545e-02
2.583176402288386159e-02
4.117035001758462959e-02
3.035982846984185482e-02
3.460211949305947582e-02
3.614521483851896450e-02
2.248451944052665824e-02
3.644677329691803358e-02
3.060615025439420225e-02
4.308383241243625428e-02
2.441725428235445861e-02
2.814926500403443221e-02
4.331771460437260080e-02
3.890055144222864802e-02
3.716786164132501735e-02
3.411487760381493733e-02
3.121063149033901502e-02
3.414120768815678830e-02
3.492814218908141949e-02
3.278932454990984152e-02
3.759425989631244580e-02
3.986145220147178925e-02
3.565713545573109822e-02
3.260377505178180951e-02
3.896162258433912701e-02
3.713852465259718377e-02
3.498179212290556533e-02
3.720794085526640815e-02
4.300436303838977431e-02
3.144526587194389211e-02
3.721661851825540379e-02
3.126426759737015865e-02
2.783837953571680762e-02
3.099045024485179781e-02
3.393842585120967342e-02
4.208733027299703389e-02
4.146398717872171874e-02
3.828795444892786615e-02
2.937650428316865986e-02
2.543202011916823393e-02
3.631735958560108196e-02
4.154838930053161156e-02
2.922215360259089456e-02
4.971721529399247136e-02
4.087805120273492465e-02
3.253881252177335398e-02
3.440381157861829159e-02
2.913403253776370230e-02
2.308399410038992905e-02
3.476708695095875878e-02
2.866770093036243375e-02
3.455922678556095501e-02
3.492924260990738772e-02
3.526512675305611827e-02
4.888267451228034410e-02
3.325833289528371678e-02
3.075192532947281648e-02
3.669050553079360177e-02
3.863984053088437287e-02
3.312989676087328694e-02
4.055005681547629165e-02
3.352061921572226100e-02
2.784852404181689320e-02
3.708544728984922850e-02
2.577417405423051630e-02
3.550359483344629058e-02
3.489353267161717648e-02
4.098379732265236552e-02
6.527582966155766331e-02
3.622105431186566082e-02
3.800404919233701939e-02
4.021570923914869616e-02
2.966202458657210897e-02
3.692738502860511834e-02
4.287308606779666881e-02
3.493698172272297064e-02
3.571210346842700750e-02
3.421488423130422674e-02
3.715794120897524672e-02
3.453657632847432352e-02
3.838218707899574561e-02
3.357413940451677015e-02
3.541624149959226447e-02
3.207024435619786756e-02
3.855738888526255570e-02
4.057601001749319702e-02
3.712335857868738487e-02
4.067164045669532241e-02
3.788062294312986161e-02
3.036343695694138090e-02
3.918381685977868900e-02
3.457593793087694600e-02
1.731743954604087962e-02
2.527783971269011512e-02
3.437175257448513849e-02
3.112323774707052154e-02
3.714065369639796971e-02
3.165810001928923145e-02
3.525377274569778396e-02
3.479504740433889132e-02
3.540501747791354598e-02
3.652166786960603373e-02
2.487553132872193096e-02
3.613458936992006848e-02
3.071508025953608931e-02
2.163946432145057164e-02
4.807391610858546133e-02
3.540853633835349540e-02
3.094925381264316752e-02
3.308820714305468064e-02
3.953496707096965102e-02
2.879900036181656797e-02
3.706829802614389907e-02
5.568681133286511320e-02
2.915430032651294620e-02
3.518239073640473669e-02
2.706185410259576846e-02
4.229821376499334762e-02
4.086094186339363915e-02
3.302216026414280664e-02
3.534690708924086849e-02
3.754399196274468831e-02
3.654107538290109203e-02
3.788708804253704265e-02
7.012730509929358813e-02
3.555213016407428317e-02
3.515387487700162572e-02
2.316517705262829963e-02
3.023668768479641569e-02
3.601857387770349833e-02
3.706734833064607992e-02
3.450494568860676403e-02
3.630821675669631404e-02
3.200088629511660399e-02
3.519370804958472237e-02
3.805245283712474502e-02
2.831784703783552307e-02
3.015432659657060060e-02
4.348246209813893398e-02
3.427012297598580615e-02
3.809225146597540468e-02
3.359407058815039315e-02
3.834762428563626147e-02
3.547904800874883413e-02
3.742793365574637737e-02
4.232630638017098601e-02
4.330302003487956214e-02
1.734423757888508416e-02
3.614814349333508869e-02
3.256327986333529267e-02
4.348181389030352645e-02
3.559899292518956676e-02
3.853708710890832445e-02
3.553325543590320212e-02
3.792904054864935232e-02
3.616350261814742229e-02
3.825348861589369931e-02
4.242620001564648829e-02
3.545721710015212191e-02
3.540192249490399512e-02
3.088801976640865796e-02
3.610195955555117048e-02
3.727078885030444405e-02
3.728628978471646566e-02
4.059582809399058662e-02
4.403809661405874709e-02
4.364898734034941552e-02
3.615988185214155659e-02
4.164191457070520047e-02
3.501577162017099204e-02
3.015419224259882278e-02
3.572267020653199787e-02
3.548354528897113697e-02
3.828005889650247517e-02
3.066446803132607743e-02
4.921080653902472346e-02
4.741802533689779692e-02
3.787464081380796654e-02
3.418325416264415134e-02
4.225177541961111505e-02
2.926422298546628789e-02
3.733908550769225038e-02
4.219027979262458816e-02
3.005308994799310920e-02
3.932584307469379897e-02
3.074848287033772956e-02
3.343225857557312330e-02
3.378200218667878896e-02
2.868093489277438735e-02
2.589162095966949725e-02
3.526588857258810411e-02
2.888215890189895288e-02
3.928882500138373285e-02
3.805820476160069743e-02
5.427703634576400149e-02
3.431513810890251398e-02
3.365566222576835131e-02
3.700376130816521864e-02
3.525938071029045828e-02
2.766517723298486664e-02
2.541174888496752771e-02
4.521976668467592858e-02
3.537789631068600366e-02
3.486099453800466791e-02
3.445489611222057186e-02
4.646208420229514663e-02
3.834130465905188218e-02
3.539062355006040994e-02
2.976948004284813570e-02
3.355772615263304115e-02
2.855137217827241961e-02
2.956865476433834586e-02
2.742051498980616064e-02
3.490515737302530425e-02
4.181253609948562544e-02
4.728727715816171545e-02
3.752168272203005445e-02
3.276351724588005832e-02
3.368588505988044657e-02
4.386270784218392060e-02
2.787918879972836259e-02
3.754481771911898774e-02
3.247464188739572488e-02
3.309281108737396199e-02
3.669893030042257337e-02
3.912093013736971103e-02
3.022620442471076613e-02
3.308483912771426061e-02
2.301417904763696648e-02
3.648791700158914714e-02
2.826656764817487774e-02
3.554117829261332906e-02
4.734739470611450812e-02
2.296202565562344491e-02
3.588199582509311175e-02
3.928524758923276211e-02
3.492518035714194807e-02
3.899649955634244824e-02
5.083133630253368340e-02
2.924759229729529536e-02
3.603575009413773761e-02
3.679759104432382688e-02
2.923416439910866971e-02
4.606292029354062262e-02
3.567342931126878114e-02
3.691671788607633897e-02
4.056471768562696506e-02
3.731782735133636758e-02
3.105114888456695157e-02
3.143721338235352242e-02
3.874880433598582724e-02
3.520884817487956314e-02
5.253588951824431780e-02
3.773488848946734975e-02
2.269569192383926598e-02
3.542557063088534047e-02
4.882187658478167464e-02
3.234331376410087139e-02
3.549610517856952724e-02
3.254649570936720554e-02
4.130838844481281302e-02
3.535586323497531130e-02
4.038393266766986817e-02
3.933173257087310692e-02
3.590741872213151081e-02
3.555097980796113194e-02
3.847952783155467876e-02
3.642983528551875516e-02
4.234114276062614368e-02
3.819537536346508111e-02
3.622271559451400308e-02
3.633969185830668303e-02
4.136631576401693378e-02
3.452740859510258775e-02
3.112311229628277054e-02
3.516897625537937500e-02
3.628855155956722811e-02
3.356841143323899962e-02
3.703418512613047137e-02
3.635782557686874361e-02
3.339640428590928689e-02
4.410137382604625150e-02
3.192697553466341404e-02
2.809838343346611478e-02
3.893565940243504803e-02
3.908776258440859602e-02
3.391187301214407951e-02
3.589648430460616602e-02
3.823757580483339025e-02
3.637309589610204091e-02
3.764048378406192885e-02
3.753794441763221024e-02
2.713824085906442127e-02
3.270147234318332430e-02
4.073785455951382806e-02
3.768269415426494379e-02
2.649130464895442516e-02
3.597136341819453381e-02
3.469340528076061275e-02
3.645858977326889988e-02
2.846513060303334716e-02
3.772496123481020036e-02
3.500766260226919474e-02
4.370392994736142789e-02
3.548037162647418863e-02
3.350272730214518685e-02
3.419784198863685259e-02
3.404617481324434536e-02
3.207462999024244393e-02
3.144867355075970511e-02
4.678924944622590149e-02
3.832180866851428447e-02
3.088292581211292062e-02
4.151160409294528397e-02
3.502488925810928050e-02
2.783552849081432842e-02
4.289101484523903662e-02
3.849713468889762874e-02
3.075579960439869462e-02
4.161580527699865195e-02
4.499038081195193967e-02
3.570586950649138475e-02
3.317040024482587751e-02
2.153254402209187762e-02
2.798782740249555409e-02
4.534212266318884271e-02
4.059606063309447593e-02
3.362338569951988515e-02
3.485700246150898185e-02
3.592672747904421260e-02
3.439112550716335454e-02
3.019053791966207559e-02
3.848795076933982096e-02
3.589818845296392086e-02
4.235814985952835593e-02
4.443984859081180627e-02
4.178956264865468090e-02
3.829066324071926652e-02
4.925050914949131997e-02
3.607830410435929752e-02
3.784366695829036176e-02
3.531803681724102195e-02
4.355656700726844022e-02
3.489814532060361851e-02
3.130686064495333959e-02
3.411472065019989508e-02
3.480901113880786879e-02
4.407187583234559863e-02
2.779011399821723627e-02
3.718430881243259267e-02
3.349729065895991342e-02
3.725763362888518532e-02
3.554843671403204453e-02
3.425759948968967045e-02
3.229007249098234111e-02
2.177129211949697940e-02
3.179912479747728365e-02
3.529876142524907001e-02
2.686182119428072099e-02
5.844029069904556339e-02
3.603554095725135936e-02
2.734706322997370112e-02
3.830873025663333875e-02
3.626847858488521648e-02
3.678171852757024934e-02
3.868454656676063169e-02
2.143981080089968350e-02
3.575752208848535091e-02
3.402037863919651905e-02
3.723917077990223506e-02
3.004350401074587160e-02
3.338019305380245799e-02
3.861714618288505235e-02
3.840105053783032796e-02
3.473343724666982935e-02
3.774617375579636391e-02
2.830500219716479762e-02
3.581665641374860015e-02
2.743024232187272690e-02
3.349570176759068124e-02
3.557848120098518890e-02
4.196258913109163907e-02
3.435129828418807124e-02
3.684989144827947871e-02
3.770858874763502455e-02
3.409970119875423145e-02
3.605169006402071663e-02
2.772583994537753879e-02
3.023451923806937114e-02
3.701120234855708596e-02
2.903769537591094005e-02
4.042289407830168546e-02
3.195060774892159033e-02
3.601793755210053183e-02
4.200259847945037039e-02
3.601242099820795711e-02
4.045398526319181343e-02
3.790615805540700767e-02
4.258242604511407875e-02
3.703212224434669630e-02
3.113628705285479206e-02
3.570762601536330016e-02
3.740450704520031922e-02
4.849370283823489086e-02
4.992724701972940660e-02
3.210407204908777290e-02
3.386434344040870070e-02
3.319661705052961292e-02
3.578347102251212830e-02
4.742693834309855139e-02
5.683074644493485428e-02
4.040649957007981519e-02
3.391718234291185574e-02
4.254924521491831868e-02
3.611728553931755487e-02
3.365342193001495674e-02
3.533817482502529805e-02
3.380610999708825309e-02
3.771194425312087567e-02
2.891480263929954719e-02
3.579531105130833585e-02
3.005451711209270599e-02
3.497654675134445612e-02
4.305999968376761355e-02
3.554340153623918724e-02
3.015921091015237934e-02
3.441283407709050390e-02
2.504377841283941808e-02
3.604044362164134790e-02
3.674769086682357772e-02
3.594901967936994791e-02
3.242189219341770623e-02
3.554027745567087115e-02
3.484768518633680340e-02
3.497577506805648467e-02
3.524236465900566079e-02
3.758624005329583989e-02
3.581759508183312429e-02
3.671725157389194721e-02
3.781562668900997903e-02
4.576641878617999926e-02
3.441037504442680250e-02
2.791210228328166315e-02
3.355063418986218432e-02
3.338172826183436609e-02
4.660035786162886745e-02
3.574830495846375439e-02
3.509742369498890929e-02
3.558827555154085720e-02
3.425922385051854285e-02
2.520602515239809410e-02
5.540509531979398439e-02
3.586135898120938054e-02
3.291270624866333983e-02
4.155297406068005073e-02
3.591436131228995660e-02
3.332330044612397124e-02
3.588959626753141646e-02
3.402713828755109943e-02
2.949816498271255055e-02
3.486617900288287164e-02
2.551036719432196731e-02
2.947695399745696790e-02
2.465539398132760365e-02
4.711705925008928542e-02
3.591085740720342118e-02
3.710825361629260799e-02
3.894625461684175782e-02
3.832058740627231758e-02
3.937495772438562303e-02
4.772443699236114667e-02
3.593811847668836046e-02
