7.099264935572677238e-02
5.571863668841056660e-02
6.691494102866772653e-02
6.667152509122971360e-02
4.442481519886921221e-02
6.286832632998247405e-02
5.475730452206489102e-02
4.857766868302179630e-02
5.539711544780824559e-02
6.640695992348920329e-02
4.887901096160963271e-02
5.281225550747509906e-02
5.929826739037999395e-02
5.975390158103986715e-02
5.674007018674121633e-02
5.388141595005115081e-02
5.040693340214316004e-02
5.681577707427536150e-02
5.387454043453011876e-02
5.915505372963880681e-02
6.067497529395442929e-02
5.847069949698908975e-02
6.073442673330680525e-02
6.020351867112968408e-02
5.725966809410008157e-02
5.768689118862293380e-02
6.524912736041092731e-02
7.543275514390303249e-02
6.247124350960042705e-02
6.043149288061881036e-02
5.491558524155473742e-02
5.466146325219418955e-02
5.577712562626838816e-02
6.290928942787710199e-02
6.033853018408395080e-02
6.522815959780146888e-02
5.954075659044078678e-02
5.879169970434893616e-02
5.550689541235109825e-02
5.915261991369624717e-02
6.061861427550746528e-02
7.089118101224957391e-02
5.955275846062805384e-02
6.446882885615032310e-02
6.066117245313664558e-02
5.992944743991836243e-02
5.553040780251022879e-02
5.224515177988581227e-02
5.569194143759991639e-02
5.348403329630346120e-02
6.128350453033428596e-02
5.610210160583307959e-02
6.022377982561762794e-02
7.262588553886815956e-02
5.470980461853254539e-02
5.997689826550847009e-02
6.236709913240541525e-02
7.054098247731888094e-02
5.886474274919371863e-02
5.619928474951427916e-02
5.960594562392326073e-02
6.184177584426264751e-02
5.878525623310044274e-02
5.682577872259598345e-02
4.755905514535942874e-02
6.092254397258965032e-02
4.911217922500175914e-02
6.205946300251379000e-02
5.612548884246466863e-02
6.227132219219765757e-02
6.028402072196905465e-02
6.004922227940705931e-02
6.373219023337602096e-02
6.648486966581998447e-02
6.441348055317126786e-02
6.106247112255452913e-02
6.197886271649572648e-02
5.962678448174675572e-02
5.804643394434226555e-02
5.987410088186497642e-02
5.167728221441749564e-02
5.839109904266002321e-02
4.451857492435200292e-02
5.883720722205383613e-02
6.075468738173994687e-02
4.871621816173674763e-02
5.948092780435196986e-02
5.987001846156061319e-02
6.146971731267028560e-02
5.389962269086186891e-02
5.977780180314461178e-02
6.278773402531609427e-02
6.016774320800734321e-02
6.417559181457610507e-02
6.162148071707206076e-02
6.135188249466926036e-02
5.867985596478143134e-02
6.067740105053766320e-02
5.826224569201247927e-02
6.265162383597891460e-02
5.979328029964771363e-02
5.273121073159613842e-02
5.639483226400825167e-02
5.958050049715201552e-02
5.982809593911875279e-02
6.124887886809504689e-02
6.967414733897517309e-02
5.678205377653718772e-02
5.288159697719126834e-02
5.423436574575513786e-02
6.036625020546312198e-02
5.109167170570734495e-02
6.141343574275234113e-02
5.172812791704294033e-02
5.487934282905684857e-02
5.294700976357823163e-02
5.675702817726964444e-02
6.101305600561572617e-02
6.123071485971925965e-02
5.256343484776496849e-02
3.308487914278224890e-02
5.160538406479494439e-02
6.137949401699525909e-02
5.848055105642004092e-02
6.732995390917903555e-02
5.246302585558296205e-02
5.948767795958100069e-02
4.665141485203466026e-02
7.013896548738196568e-02
5.104181556026336081e-02
6.126019185681683826e-02
5.574302490203656563e-02
6.371577100592309972e-02
5.951618105949757487e-02
5.964882945588438623e-02
6.023794985361997922e-02
5.851391914005579786e-02
6.111974279189836406e-02
5.864825419038674492e-02
4.859839077982693739e-02
6.257875970350101902e-02
6.019097065458239859e-02
5.956786360236360905e-02
5.909826123598100472e-02
5.966866626422014097e-02
6.396556101657815963e-02
5.866930145934078772e-02
6.061701900077726135e-02
6.175598991258950121e-02
5.320635199705198853e-02
6.522114032884873680e-02
5.880662773645917163e-02
5.640253121090699207e-02
6.030613188585001727e-02
6.181603561332725538e-02
5.653475094069172757e-02
2.672744381539812406e-02
5.836604697005642883e-02
5.383837405883110799e-02
5.144238205552930515e-02
5.670301204268216738e-02
5.267309851598932918e-02
6.359958605793218644e-02
5.436570538796942770e-02
3.102338889658553395e-02
6.090691183532619124e-02
6.043592548208107790e-02
5.985168926807220291e-02
5.910993881955899781e-02
5.849543374296842235e-02
5.723362222615254596e-02
5.982403223343708831e-02
5.950764852562832885e-02
5.794089592172906727e-02
5.278557501741193425e-02
6.009659018362906169e-02
5.777124551274760017e-02
5.599569583077244200e-02
6.161125740263490025e-02
5.314011005081793054e-02
5.441303394566868873e-02
6.095616492281585863e-02
5.577217524906487311e-02
6.137667967334168445e-02
5.460436050048057821e-02
6.091225988750541276e-02
6.042509243678582942e-02
5.788354284975896769e-02
5.638451485197646523e-02
6.050969772323171875e-02
5.817866903470234052e-02
6.193981121267184975e-02
4.812640581272836782e-02
7.243994321831823124e-02
5.803941494396457762e-02
5.291577520344960262e-02
5.886944289520342627e-02
6.052261959669737873e-02
5.711326852452350972e-02
5.694588335132769186e-02
6.194300449690450655e-02
5.872522937956543843e-02
6.132848259613508934e-02
6.100269464679350384e-02
5.921425941116266467e-02
5.598517845465241644e-02
6.537380488572638870e-02
6.090350251659254477e-02
5.771040831941438159e-02
5.951173079438284302e-02
5.353804193547940377e-02
4.778708782538915872e-02
6.057560645480253997e-02
5.353731811886082437e-02
5.667772177368662900e-02
5.694973572518968047e-02
6.354754489041518351e-02
5.705032980497547201e-02
5.946519579182690807e-02
6.226581519196756204e-02
5.965422450336842208e-02
5.552404045832971813e-02
5.534991791331776712e-02
5.856077253699969870e-02
6.046078380742370140e-02
5.991660066983992700e-02
5.901836413531845460e-02
6.107864619590804012e-02
5.728587850409302268e-02
5.875383790738313711e-02
5.596301328161803340e-02
6.306740426681205214e-02
6.188655271370609168e-02
4.764200641532356784e-02
5.765944762604020141e-02
5.695834888180768829e-02
6.014131413808160992e-02
5.666577509236514487e-02
5.599452736452966567e-02
5.895549925555991500e-02
6.120739050645096491e-02
6.119872250002678093e-02
5.905650062141722112e-02
5.898138164346417717e-02
6.233263983334895453e-02
5.010084892016229002e-02
6.122606683453015591e-02
6.306979027744429034e-02
5.024859030010944694e-02
5.309324675344616329e-02
6.002249624991561061e-02
6.299326504820193517e-02
6.034161774663615585e-02
5.981638089708796180e-02
5.752964531392422420e-02
6.225106047610760168e-02
6.046283944091818130e-02
6.825538042657272597e-02
5.484942773950780837e-02
5.419730598200089150e-02
5.999303273985604618e-02
5.146249310121319559e-02
5.214633907857702672e-02
5.815195373973362780e-02
5.832715377711449739e-02
4.943903881001551759e-02
5.419234908308135507e-02
5.342749650146378509e-02
5.721060163794633446e-02
5.914508922260555690e-02
6.306670088163120191e-02
5.860225002105120401e-02
6.065324710943573172e-02
6.186431691141629913e-02
6.059845092046900472e-02
5.978676823094811882e-02
6.117438357609206179e-02
5.769592586083539115e-02
7.345907565972482900e-02
6.956143082704223379e-02
7.848127444182526058e-02
6.077140323944222461e-02
6.299854933708483318e-02
5.306175203910433458e-02
6.083298432553959495e-02
6.400368135020133298e-02
5.078507531494992622e-02
5.862108114619660887e-02
6.151020116369824986e-02
5.984699611284201304e-02
5.419273922347957878e-02
6.036437780953555349e-02
6.109338451891759003e-02
6.478565414039823278e-02
6.037642877479092868e-02
2.896098649014994600e-02
5.912399539423544848e-02
6.129732854309823814e-02
6.089218989096880502e-02
6.034492098592951492e-02
5.979850419840282427e-02
5.780245895791205624e-02
2.434896393744131332e-02
5.964804887071463446e-02
6.013157045874532869e-02
5.630168510351570010e-02
6.798614989541330866e-02
5.989205179471299850e-02
6.345435267231186449e-02
5.908636410514497145e-02
5.996373510883052510e-02
5.983268826155506426e-02
5.715831852095801247e-02
5.648123889148162075e-02
6.476388168661331712e-02
5.783149304768916282e-02
4.912027964397818608e-02
6.029119504502197802e-02
6.108733141246409232e-02
5.499221309912261796e-02
7.071607707184288105e-02
5.440076503089638638e-02
6.043961238172148448e-02
6.126634122214959927e-02
5.940544204446385895e-02
5.936547491211800753e-02
5.135094414925367445e-02
6.341359556044404155e-02
6.968752103688126420e-02
5.701467381658208156e-02
6.436462036327735003e-02
6.035392617347164895e-02
5.139521142920779745e-02
5.986382117009918236e-02
4.856212704571189614e-02
6.065841796403817487e-02
6.465042346386727645e-02
6.668129500133807008e-02
6.041350071315895048e-02
6.221631859444180790e-02
5.831207419333550579e-02
5.207835888618204956e-02
4.780502945521598185e-02
5.681864581081787213e-02
6.056187131079979191e-02
5.991601866140650046e-02
6.212365930465356401e-02
6.101238233325258914e-02
6.105208429606648335e-02
8.527241579431314722e-02
6.062225508352668546e-02
6.583364281743447899e-02
6.162119338967786408e-02
6.629887792145694458e-02
6.084622006728439975e-02
5.398387592745972768e-02
6.722058320259652331e-02
6.078948862512764673e-02
6.432502825613113651e-02
5.880631985528259054e-02
5.991911752742698494e-02
4.675146846062184364e-02
5.329374034925598441e-02
6.814672266530050204e-02
2.103838911324103916e-02
5.998406966892377845e-02
5.857688092289477233e-02
4.061692554723448506e-02
5.973193344010227501e-02
6.349086877590907896e-02
5.690726086131634581e-02
5.364856495273284676e-02
6.655411791122244070e-02
5.445887051737269280e-02
5.403903418477391113e-02
5.492680880938013988e-02
4.020156111493843748e-02
5.111250847785889923e-02
4.604891994399200328e-02
6.543214002602810997e-02
5.627357549923414637e-02
7.170665779421224462e-02
4.821918570595500747e-02
5.796326259625209087e-02
6.312075429872116006e-02
6.162689605431909134e-02
6.042636455360259756e-02
5.747587450564820011e-02
6.018411057724105950e-02
5.689038020970651338e-02
4.873043877226113096e-02
6.627549058616466482e-02
6.097251254040985530e-02
6.110310415508486692e-02
6.332868016867579386e-02
5.678146259784423028e-02
7.359909566870846687e-02
5.975359333661224570e-02
6.069946097704963933e-02
6.093798732557762637e-02
6.103826689427120644e-02
6.825823568214453574e-02
5.653761128372165878e-02
5.574191319043684395e-02
5.413417699976133535e-02
4.719841428819704365e-02
5.701135027413613277e-02
6.013032227662413326e-02
5.794292855983954049e-02
6.112867285806063145e-02
6.546058110102460914e-02
5.730450779520239457e-02
6.035632801940945397e-02
5.604656258705639077e-02
6.574537509459468798e-02
6.020543908383554216e-02
5.887347893316170061e-02
6.038593936323114614e-02
6.767993164819882668e-02
5.997690421720242721e-02
6.548325122796455622e-02
6.180082082513121272e-02
6.022622616866731698e-02
5.946783116619395321e-02
6.132948307780541203e-02
6.148114019953472564e-02
5.760952496605026979e-02
5.960443769713641426e-02
6.099898307415681925e-02
6.417487909901478660e-02
7.084448231527144813e-02
5.956582982574745722e-02
6.011072550320804148e-02
6.059171541056792426e-02
5.681451451056909047e-02
6.143284361232600327e-02
6.451167052716795525e-02
6.001032526834376019e-02
5.783265040390510314e-02
5.868937362751135145e-02
6.537423135195592760e-02
6.134852064733552213e-02
5.519308937944516352e-02
5.817654527210424503e-02
5.959848515561519400e-02
6.426699890930469283e-02
5.990199092813939391e-02
7.028064729408541045e-02
5.453019488914627455e-02
6.291062287851860446e-02
5.858205852532026581e-02
5.974720349897578997e-02
4.666244320900386766e-02
6.024878449949588877e-02
5.922615266965140790e-02
6.015194820885142596e-02
6.477428653940937864e-02
2.159665139499920491e-02
5.134984110479282743e-02
6.016920133525042319e-02
5.937533288665822889e-02
5.828783067067393880e-02
5.382869321931777612e-02
5.884587237639497814e-02
5.824693261512083053e-02
5.693252309422019986e-02
5.637796475442410915e-02
5.826953508811007210e-02
5.954713531726157222e-02
5.061310224182780787e-02
5.893949913653780820e-02
7.331330483480458238e-02
6.002812997329164818e-02
5.753349202390758976e-02
3.960426427440972424e-02
5.558507627059090794e-02
4.774771784759488519e-02
5.217886132925293741e-02
5.234839250411728317e-02
5.770297323649019317e-02
5.853597163568093759e-02
6.021914556589265388e-02
5.536882116454999031e-02
6.105769239694396749e-02
6.447813325879363233e-02
5.377267380548300668e-02
6.566318220981309794e-02
5.307240669301459268e-02
5.966249237588840126e-02
6.213756605354012891e-02
5.906210011090879536e-02
5.948757049600603142e-02
7.080874107194388978e-02
6.718053005099559882e-02
6.400612282986126167e-02
6.502866122655172332e-02
5.940091451971898917e-02
6.408628618019836243e-02
5.550218966949688193e-02
6.029915226866160854e-02
6.736338620365622809e-02
6.156640637414965977e-02
6.063956160262040651e-02
5.958449410456786305e-02
5.045355174137639703e-02
5.252526272653188638e-02
6.642526355449084041e-02
7.730676753727777628e-02
6.881634851206401560e-02
6.828922606790804872e-02
6.512235939577790123e-02
5.937854497099246537e-02
4.579700459991351696e-02
5.752293461500587041e-02
5.637823796445375762e-02
6.274461057857277924e-02
4.948363845956435525e-02
6.920868512306066478e-02
6.166428277170725447e-02
6.093833315981894011e-02
6.017490568381873156e-02
5.926719184190283596e-02
5.772903772221812946e-02
5.548035842560573166e-02
6.117626475966135569e-02
5.169549445056068060e-02
4.955986489696227043e-02
6.486902805181765652e-02
6.493728096858981946e-02
6.339121813449540010e-02
6.928126131377503050e-02
6.832758356355973783e-02
5.908277283723206014e-02
6.822677988968234297e-02
6.547659586913436025e-02
6.509120725785896844e-02
2.955720141538692794e-02
6.363177546717577182e-02
5.672303057867243703e-02
6.058540560239550343e-02
5.624537884024341516e-02
6.127006541541399343e-02
8.427311064794797135e-02
5.796169095045120012e-02
6.237524431443915857e-02
6.031104303065309286e-02
5.913491316148875021e-02
6.066573320964165766e-02
4.923077214537711216e-02
6.391126012388564925e-02
6.103826385465542514e-02
5.857464849383783867e-02
6.039736111763339965e-02
7.078110259685763128e-02
6.055882023940052650e-02
6.730670292473711624e-02
5.814506731759555569e-02
6.032314357962796636e-02
5.906064457068101181e-02
5.683715402032513131e-02
5.197529760538750765e-02
6.538693244676201111e-02
5.943798363983637811e-02
5.292015875345701392e-02
5.915088888188352323e-02
4.594548726310260928e-02
5.953133274083050042e-02
6.667327117095139810e-02
6.360479383958200783e-02
6.001116532423470679e-02
4.709736428359301980e-02
5.888653833520906405e-02
6.391170596200626552e-02
6.471863261383929700e-02
6.050173623825249453e-02
5.753919548348981894e-02
6.009020919617520662e-02
5.848292235725292831e-02
5.823528005479720188e-02
6.767516840259905908e-02
6.617689792078845779e-02
3.789252474986506275e-02
6.276806405075724404e-02
6.334239414675287005e-02
5.905478386948430358e-02
5.993268072865905183e-02
4.742823803729198651e-02
6.585519872248646323e-02
6.058997367779327820e-02
6.061500417570824667e-02
5.564662187207813221e-02
5.966024223614837391e-02
5.946324983488916055e-02
6.169633071889257803e-02
5.864812839502202280e-02
5.936236537418279613e-02
1.687876128428945216e-02
6.220948909728991200e-02
5.763810279081740817e-02
5.373131091336701137e-02
5.899442121995629451e-02
5.556206384721152497e-02
5.583914468423947786e-02
6.010091795283677152e-02
3.890569057577977080e-02
6.119794135890689601e-02
6.319215662214218432e-02
6.012469713122289144e-02
5.886924969612006980e-02
6.540527334987727981e-02
6.538527518457037946e-02
5.925910503861289008e-02
6.021112563693111625e-02
6.453399175682777988e-02
7.519685160430926441e-02
5.928812453587122000e-02
6.013763401467712988e-02
5.226660917252471533e-02
6.159251863691122403e-02
6.440150020008524046e-02
5.768951072416916848e-02
6.140483242254139024e-02
6.003662660204266838e-02
7.231182968021931945e-02
5.917187077897897995e-02
6.763349901307381951e-02
6.645485335740956845e-02
4.539812773889555231e-02
5.249404282601673188e-02
6.181668435385457433e-02
7.243477233107921409e-02
6.825515203165175016e-02
5.988589000916681032e-02
6.040827002049499461e-02
5.601904583605484683e-02
6.206494318053711046e-02
5.979952482107586675e-02
6.480485720699677432e-02
5.630500352563618666e-02
6.395324257872775364e-02
6.214438254930502309e-02
6.029541118642997577e-02
6.251671294231317400e-02
5.754591890846841307e-02
5.961076562939852247e-02
5.965299522573659641e-02
6.697753958353763748e-02
6.006923039002735887e-02
5.068963483196128883e-02
5.963904102371760108e-02
6.055845023049120229e-02
5.637306820745929120e-02
5.859934124037526754e-02
5.660524474911156345e-02
6.486503298443582755e-02
5.603608826167128659e-02
5.973388272510903735e-02
5.535477852762107909e-02
7.354193357497829098e-02
6.021441577832498115e-02
5.860229293790940319e-02
5.329634673718765259e-02
6.061924207751830801e-02
6.148172184806691837e-02
5.975672110117143110e-02
5.916114232946718954e-02
7.057818860422726548e-02
6.269052996192760185e-02
6.374207274701465531e-02
5.818161793018582217e-02
5.913448444765877221e-02
5.914053024083734678e-02
5.609591396424579157e-02
6.523322130689633569e-02
6.184135219573869829e-02
6.050695106735798356e-02
5.828230160759016037e-02
5.794465580974764163e-02
6.029527654591208125e-02
5.026901621513180096e-02
6.128657916520443422e-02
4.944072246022174211e-02
6.174646727154640968e-02
6.614270912352944454e-02
5.761111986463202800e-02
5.730166119475272463e-02
5.596302110796308460e-02
7.049512819374495476e-02
3.612814559587090857e-02
6.054290383496101907e-02
5.699512528183257182e-02
5.769387751956702587e-02
6.076314446096304361e-02
6.099123653220427099e-02
6.063847601091217759e-02
5.827998901349618066e-02
7.220198799597689343e-02
5.950023051698012655e-02
2.506906228614279655e-02
5.654362571337390175e-02
6.397048000066669904e-02
6.159690146857154519e-02
6.554567241507314179e-02
6.044826904469115247e-02
5.095816725360731436e-02
6.098772347805112709e-02
7.380769063316905410e-02
6.387723094862966799e-02
6.734145844911341994e-02
6.467359106314775341e-02
5.535643329766436194e-02
5.688171906290800939e-02
5.680723578240159943e-02
4.853050938249527796e-02
5.590103596591696616e-02
5.884257029809644712e-02
6.224731894401715204e-02
6.244751446390998245e-02
5.714829358234009560e-02
5.799378924099868327e-02
5.620052541099757742e-02
5.928600152880053598e-02
6.234777138579846584e-02
5.881379492975417900e-02
6.038773120096958824e-02
6.025051486551750990e-02
5.641108708125999738e-02
6.144587453511628217e-02
5.678193731445705522e-02
4.821346973356616106e-02
7.960795642866393129e-02
6.101154129187226494e-02
6.048344750488183347e-02
5.751392873634594838e-02
5.929979122639852246e-02
5.069502392354148512e-02
4.453504572183068777e-02
5.855880408657787584e-02
6.047737676871684648e-02
6.058268506512286267e-02
6.150697418943390504e-02
5.612531412401168540e-02
5.594747354242973758e-02
6.783791204201058966e-02
6.205109271583249958e-02
5.456938885534735884e-02
6.038201756341132070e-02
7.090790550665472536e-02
6.173928837150977067e-02
5.987232921674664338e-02
6.742127395164033976e-02
5.431148562019488812e-02
6.125865538601409782e-02
4.107004270891780051e-02
6.181035453561774945e-02
5.918082188183222681e-02
6.069637249266208318e-02
5.774147471641470630e-02
5.619027545335585072e-02
5.936392898482755615e-02
6.775423488731255328e-02
6.164462400293270472e-02
6.156046019179436252e-02
5.396694388418685900e-02
5.923155117352280064e-02
4.286516303346292467e-02
6.034378194328356843e-02
6.021012438973270819e-02
4.683342924070946212e-02
6.621676587375464884e-02
6.536397660606529936e-02
6.080763882766532236e-02
3.950388705516929416e-02
5.967503798090403183e-02
5.877293807614374088e-02
6.225774443254369211e-02
6.525577511711450063e-02
5.822857745582239036e-02
5.977952983259732234e-02
6.607341886376250084e-02
5.909291091763079623e-02
5.765326312815180487e-02
6.116290162062152508e-02
5.795192256201830289e-02
6.301182792300069613e-02
5.453481427400407033e-02
5.718016328186670966e-02
6.217672033444617691e-02
6.494172224406447036e-02
6.873628766877874774e-02
5.809417998398621469e-02
6.048850241813429757e-02
3.707795411399930630e-02
5.536054237601382988e-02
4.297096720897866651e-02
5.858777765553483535e-02
6.310735666196207183e-02
5.905379305165413956e-02
6.536476312059381899e-02
6.459657326419990242e-02
5.555944919378379837e-02
5.286276200816561466e-02
5.639400872186609709e-02
6.108426693232148208e-02
5.537104021138027771e-02
6.568904468814588948e-02
4.942222770197052251e-02
5.864336954186167433e-02
5.046810451262710023e-02
6.173464621253152429e-02
5.190673070648853249e-02
5.513191260917319619e-02
5.165995037290044278e-02
6.065678499244803179e-02
5.750133710392947572e-02
6.088844399925361778e-02
5.448320585500774499e-02
6.276516969361767284e-02
6.372709461202781533e-02
6.045385396641546338e-02
5.904132004929850408e-02
6.117994453265749449e-02
5.765768992289949796e-02
7.007796830217900841e-02
6.801334012196313950e-02
5.535055427273292278e-02
5.061333313680264900e-02
4.557375970885700622e-02
5.725207969155205606e-02
6.214168575640024311e-02
6.087092285144619225e-02
5.689318257084877151e-02
6.084336159723973542e-02
5.974009325582228108e-02
7.099929069609695054e-02
6.150698204251676959e-02
3.033805377655235044e-02
6.040033571601480245e-02
6.399298660368217539e-02
6.442736902386073106e-02
6.100305803689105161e-02
6.103920736079638393e-02
6.060161451306836367e-02
6.369896747046288610e-02
6.014192712197101442e-02
7.640547457610481763e-02
6.237002745465216463e-02
6.085136882886963555e-02
5.973392919854242367e-02
2.586598013239798863e-02
6.496152327247872726e-02
4.639077543553440930e-02
5.876450669302312607e-02
6.044778000898410469e-02
6.419677644282055506e-02
5.519655143375576389e-02
6.136429197859306905e-02
5.890999919818002556e-02
6.443960788587191346e-02
6.159885486762968487e-02
6.328134423986883639e-02
5.977917767639393670e-02
6.423163346585432365e-02
3.691828688008002429e-02
6.365034603136160429e-02
6.694907894503669687e-02
6.051743691064281200e-02
8.039250690519794684e-02
6.078976204940763489e-02
5.578935252666696737e-02
5.825526320080668535e-02
6.170024499229077170e-02
6.130036828696010243e-02
5.747634667048740625e-02
6.373253162061696953e-02
5.022263684899093417e-02
6.077361924446865460e-02
6.070213404943113761e-02
5.742624453052836558e-02
6.117927093374850300e-02
5.655702488235360426e-02
5.961972344412579117e-02
6.212859764811345942e-02
5.790161887007902464e-02
5.588616562988455577e-02
5.437226020515439906e-02
6.930333679068687025e-02
6.863997853236297741e-02
5.837103634818615466e-02
5.076932539263472044e-02
5.651620796443831279e-02
5.952254027352799765e-02
5.720027189956637670e-02
5.958427205538291416e-02
4.812335370383519217e-02
4.912867979461713053e-02
6.036158070407959125e-02
7.323795624088925982e-02
5.587267743582528812e-02
6.028009204012702016e-02
5.952118206554856544e-02
5.614302788103475716e-02
5.859685909932375175e-02
5.117790789417495795e-02
5.089540343495917857e-02
4.788288943540171955e-02
4.604935152676772891e-02
6.839709607442974459e-02
5.642629882901360749e-02
6.073124091687540776e-02
6.105368929665568045e-02
6.087948472281500684e-02
5.235434771565173478e-02
5.151727399123867679e-02
6.217873928176643333e-02
3.360803656048103744e-02
3.802101712086140839e-02
6.080386396749783151e-02
6.085041325375233068e-02
6.789142543135746888e-02
6.141526077772828385e-02
5.802390939215096993e-02
6.127933306652119660e-02
5.170079383365656228e-02
6.049829790988048989e-02
5.900644482880113700e-02
6.418092818051907011e-02
5.468515823199514986e-02
5.775130979580316015e-02
7.516483210988778030e-02
5.918671097015958116e-02
3.163764076198212483e-02
5.399791542619931245e-02
5.985069596097836869e-02
6.503778524609667155e-02
3.540336944059308683e-02
6.088956353446404318e-02
5.859949421525974256e-02
6.973088293999135656e-02
4.945965351383775632e-02
5.852731238962460836e-02
5.759143291484501714e-02
5.973263837686618172e-02
5.392883702853227407e-02
5.983574443627404787e-02
6.097087789011509246e-02
5.978196964697964078e-02
5.998236919223320224e-02
5.991858619889227355e-02
5.948430361606973221e-02
5.629480214766073576e-02
5.083816872924093455e-02
6.411509866406148173e-02
5.268758519925862555e-02
5.766253646012493850e-02
5.964368790112553609e-02
5.081673479312411035e-02
6.161379901351685812e-02
6.540342711532876052e-02
6.215959312411693111e-02
5.902368101667368472e-02
5.946027637777628883e-02
5.836093559449304080e-02
5.735842175574915741e-02
5.773356243481690686e-02
5.665157864926882725e-02
6.059016817599847948e-02
6.947712085151211414e-02
6.153027517427514526e-02
6.078700975470064521e-02
4.909669310433164430e-02
5.360340105453620385e-02
6.033690855614672055e-02
5.945407794600494900e-02
6.035336149105317849e-02
5.708994801024107335e-02
6.122676914868620951e-02
6.479334956121439448e-02
4.885749411047993207e-02
5.826008205711568494e-02
5.841703761180523646e-02
7.270697586210166097e-02
5.559144611496164706e-02
6.199736076184624717e-02
4.811308698131232936e-02
5.571992153321744801e-02
5.859364163841974948e-02
5.726359588465639722e-02
6.251910369243687815e-02
6.165983261390784592e-02
5.291171149733619322e-02
4.950235255243024685e-02
8.156952431247560531e-02
5.825154746449899557e-02
5.554886636943543593e-02
5.290649977362504169e-02
5.893978788885657905e-02
5.688535901208714024e-02
3.836533712722570155e-02
6.048358606856073239e-02
